#START7777
#--------------------------------------------------------------------------------------------------
#  WD1    : 1분 평균 풍향 (degree) : 0-N, 90-E, 180-S, 270-W, 360-무풍 
#  WS1    : 1분 평균 풍속 (m/s) 
#  WDS    : 최대 순간 풍향 (degree) 
#  WSS    : 최대 순간 풍속 (m/s) 
#  WD10   : 10분 평균 풍향 (degree) 
#  WS10   : 10분 평균 풍속 (m/s) 
#  TA     : 1분 평균 기온 (C) 
#  RE     : 강수감지 (0-무강수, 1-강수, 음수인 경우 null값)  
#  RN-15m : 15분 누적 강수량 (mm) 
#  RN-60m : 60분 누적 강수량 (mm) 
#  RN-12H : 12시간 누적 강수량 (mm) 
#  RN-DAY : 일 누적 강수량 (mm) 
#  HM     : 1분 평균 상대습도 (%) 
#  PA     : 1분 평균 현지기압 (hPa) 
#  PS     : 1분 평균 해면기압 (hPa) 
#  TD     : 이슬점온도 (C) 
#  *) -50 이하면 관측이 없거나, 에러처리된 것을 표시 
#--------------------------------------------------------------------------------------------------
# YYMMDDHHMI   STN    WD1    WS1    WDS    WSS   WD10   WS10     TA     RE RN-15m RN-60m RN-12H RN-DAY     HM     PA     PS     TD
#        KST    ID    deg    m/s    deg    m/s    deg    m/s      C      1     mm     mm     mm     mm      %    hPa    hPa     C
202608131200    42   41.0    3.6   42.4    4.0   14.1    2.8   29.7  -99.9    0.0    0.0    0.0    0.0   58.8 1003.0 1005.9   20.8
202608131200    43  122.1    3.0  113.7    4.1  125.3    1.9   32.4  -99.9    0.0    0.0    0.0    0.0   51.6 1002.1 1004.9   21.2
202608131200    44  178.4    2.4  168.2    2.9  166.6    2.0   31.3  -99.9    0.0    0.0    0.0    0.0   47.4 1002.4 1005.3   18.8
202608131200    45  176.0    3.2  184.1    4.2  174.8    3.1   30.3  -99.9    0.0    0.0    0.0    0.0   57.3 1000.3 1002.0   20.9
202608131200    90  348.0    1.8   26.0    3.1  319.1    2.3   23.4  -99.9    0.0    0.1    9.0    9.0   88.8 1004.0 1006.0   21.4
202608131200    92  350.0    4.9   10.0    6.9  350.0    5.2   22.8  -99.9    0.0    0.3    5.1    5.1   98.0  998.0 1005.6   22.5
202608131200    93  127.0    1.5  123.8    2.2  127.8    1.8   26.7  -99.9    0.0    0.0    0.0    0.0   72.7  994.4 1005.2   21.4
202608131200    95  227.5    2.1  239.1    3.5  172.4    1.8   27.7  -99.9    0.0    0.0    0.0    0.0   64.8  987.9 1005.3   20.5
202608131200    96  129.3    2.1  150.0    3.2  124.8    2.4   26.5  -99.9    0.0    0.0    2.0    2.0   85.6  991.1 1002.2   23.9
202608131200    98  256.5    0.7  270.2    1.2  339.8    1.2   30.3  -99.9    0.0    0.0    0.0    0.0   47.0  991.6 1004.4   17.7
202608131200    99   95.8    3.3   98.5    4.0   92.9    2.8   28.1  -99.9    0.0    0.0    0.0    0.0   61.2 1002.0 1005.4   19.9
202608131200   100   13.9    2.0   11.1    3.2   22.9    2.5   20.2  -99.9    0.0    0.3   15.9   15.9   93.0  919.8 1005.0   19.0
202608131200   101   56.0    1.4   53.7    2.0   34.0    1.9   27.1  -99.9    0.0    0.0    0.0    0.0   65.9  995.6 1004.1   20.2
202608131200   102  322.7    3.6  320.8    5.0  332.4    3.6   28.0  -99.9    0.0    0.0    0.0    0.0   54.2 1000.9 1005.0   17.9
202608131200   104  305.6    2.8  302.9    3.9  288.6    2.7   23.7  -99.9    0.0    0.0   16.1   16.1   94.3  995.5 1004.1   22.7
202608131200   105  318.6    4.6  336.1    6.8  340.8    4.7   23.8  -99.9    0.0    0.0    6.7    6.7   87.2 1002.2 1005.3   21.5
202608131200   106  341.0    2.0   13.0    3.2  338.9    4.7   25.9  -99.9    0.0    0.0    3.1    3.1   79.7 1000.0 1004.6   22.1
202608131200   108  323.1    3.1  285.8    4.4   65.0    2.6   31.0  -99.9    0.0    0.0    0.0    0.0   49.4  994.7 1004.2   19.2
202608131200   110  340.0    2.7   10.0    4.3   10.0    3.3   30.8  -99.9  -99.9  -99.9  -99.9  -99.2   54.0 1002.7 1004.7   20.4
202608131200   112   57.1    2.9   50.8    4.9   83.0    2.5   30.7  -99.9    0.0    0.0    0.0    0.0   53.5  996.6 1004.3   20.2
202608131200   113   50.0    5.7   70.0    7.1   30.0    5.9   29.6  -99.9    0.0    0.0    0.0    0.0   57.0 1004.1 1004.9   20.2
202608131200   114  129.7    0.2  135.0    0.6   63.6    1.2   26.9  -99.9    0.0    0.0    0.0    0.0   66.1  987.2 1004.0   20.0
202608131200   115  124.3    1.1   97.1    1.9   83.9    1.2   29.0  -99.9    0.0    0.0    1.0    1.0   78.2  977.1 1001.5   24.8
202608131200   116  267.0    0.0   85.0    0.2   31.5    0.2   26.5  -99.9    0.0    0.0    0.0    0.0   60.5  935.8 1003.7   18.2
202608131200   119   68.4    4.2   75.1    5.7   60.0    3.3   29.5  -99.9    0.0    0.0    0.0    0.0   53.1  999.4 1003.8   19.0
202608131200   121  158.6    0.7  156.8    0.8  191.6    0.7   25.0  -99.9    0.0    0.0    2.2    2.2   86.6  977.8 1004.8   22.6
202608131200   127    9.8    1.2    2.7    1.7  329.1    1.7   27.5  -99.9    0.0    0.0    0.0    0.0   66.1  990.6 1003.5   20.6
202608131200   129   29.8    0.5   58.6    2.7   50.9    2.3   30.3  -99.9    0.0    0.0    0.0    0.0   52.6 1001.6 1004.4   19.5
202608131200   130  253.7    3.1  230.5    6.7  188.2    4.2   28.6  -99.9    0.0    0.0    2.5    2.5   74.1  998.0 1003.5   23.5
202608131200   131   36.5    2.4   42.2    2.9  300.2    1.5   28.9  -99.9    0.0    0.0    0.0    0.0   57.8  997.1 1003.7   19.8
202608131200   133   93.4    1.5  113.0    2.3  125.8    1.4   29.0  -99.9    0.0    0.0    0.0    0.0   61.0  996.6 1004.2   20.7
202608131200   135  106.9    1.6  132.3    2.4  102.9    1.0   28.2  -99.9    0.0    0.0    0.0    0.0   62.5  976.0 1003.1   20.4
202608131200   136  278.0    2.1  290.0    2.4  294.8    1.3   28.1  -99.9    0.0    0.0    0.0    0.0   61.6  988.4 1004.2   20.0
202608131200   137  138.4    0.8  163.1    1.2  130.2    0.8   29.2  -99.9    0.0    0.0    0.0    0.0   58.6  992.0 1002.8   20.3
202608131200   138   37.5    4.1   53.2    5.0   56.1    3.8   29.3  -99.9    0.0    0.0    0.5    0.5   62.7 1002.4 1002.8   21.5
202608131200   140   63.7    1.7   43.9    2.6   32.2    1.8   29.1  -99.9    0.0    0.0    0.0    0.0   59.6 1001.8 1004.9   20.4
202608131200   143   27.4    0.7  341.7    0.7   68.7    0.8   30.3  -99.9    0.0    0.0    0.0    0.0   47.0  996.2 1002.2   17.7
202608131200   146  294.3    4.2  301.9    5.2  278.6    2.6   30.5  -99.9    0.0    0.0    0.0    0.0   47.0  996.6 1003.3   17.9
202608131200   151   20.0    4.2   20.0    5.7  360.0    3.9   29.4  -99.9    0.0    0.0    0.0    0.0   58.0 1002.6 1003.5   20.3
202608131200   152   41.8    2.7   45.2    4.4   52.0    2.6   29.0  -99.9    0.0    0.0    0.0    0.0   56.4  993.2 1002.2   19.5
202608131200   155  140.0    2.2  161.0    3.3  128.6    2.2   32.2  -99.9    0.0    0.0    0.0    0.0   47.1  998.9 1002.8   19.5
202608131200   156   18.5    2.3   16.5    2.8  309.1    1.6   29.0  -99.9    0.0    0.0    0.0    0.0   57.4  995.6 1003.4   19.7
202608131200   159  156.4    5.5  140.2    6.7  167.1    4.6   31.7  -99.9    0.0    0.0    0.0    0.0   61.7  994.7 1002.4   23.5
202608131200   160  121.2    4.7  120.3    5.8  132.0    3.8   25.9  -99.9    0.0    0.0    0.0    0.0   79.4  946.1 1006.4   22.1
202608131200   162  222.3    1.9  223.2    2.8  211.5    2.4   31.9  -99.9    0.0    0.0    0.0    0.0   46.8  998.6 1002.1   19.1
202608131200   163  290.0    2.0  340.0    2.6  280.0    2.1   30.3  -99.9    0.0    0.0    0.0    0.0   54.0 1002.9 1004.1   20.0
202608131200   165  259.6    4.6  282.4    4.7  274.4    3.0   29.1  -99.9    0.0    0.0    0.0    0.0   59.8  998.9 1003.9   20.5
202608131200   167   20.0    1.9   20.0    2.4   20.0    2.0   31.1  -99.9    0.0    0.0    0.0    0.0   45.0 1002.6 1003.6   17.8
202608131200   168  144.5    2.1  124.6    2.6  185.9    1.9   31.0  -99.9    0.0    0.0    0.0    0.0   49.8  996.3 1003.6   19.3
202608131200   169  158.0    2.6  168.0    3.0  163.2    2.7   31.2  -99.9    0.0    0.0    0.0    0.0   62.9  995.7 1004.0   23.3
202608131200   170  100.0    2.1  126.0    3.3  100.3    2.4   31.8  -99.9    0.0    0.0    0.0    0.0   50.9 1000.0 1003.9   20.4
202608131200   172  241.0    2.7  229.9    3.1  252.4    2.1   29.6  -99.9    0.0    0.0    0.0    0.0   56.7  997.7 1003.5   20.1
202608131200   174  264.1    2.3  272.7    3.0  255.8    1.7   30.6  -99.9    0.0    0.0    0.0    0.0   41.7  983.1 1001.3   16.1
202608131200   175   90.8    1.1  194.1    2.4  144.1    1.5   27.6  -99.9    0.0    0.0    0.0    0.0   64.2  952.0 1004.3   20.2
202608131200   177  293.6    3.2   10.9    4.6    8.9    2.2   30.5  -99.9    0.0    0.0    0.0    0.0   57.7  999.8 1002.9   21.2
202608131200   181  326.4    0.6  350.4    1.6  342.6    0.6   28.3  -99.9    0.0    0.0    0.0    0.0   61.1 1000.6 1004.4   20.1
202608131200   182   80.0    6.9  100.0    8.5   70.0    6.3   28.5  -99.9    0.0    0.0    3.8    3.8   67.0 1001.2 1004.0   21.8
202608131200   184   60.4    4.4   38.7    6.1   51.4    4.5   29.1  -99.9    0.0    0.0    2.6    2.6   63.9 1000.9 1003.2   21.6
202608131200   185  126.8    5.5  342.6    7.0  300.3    5.3   26.8  -99.9    0.0    0.0    0.0    0.0   74.3  995.2 1003.2   21.8
202608131200   188   44.4    5.5   58.2    6.0   70.7    4.2   30.4  -99.9    0.0    0.0    0.0    0.0   63.0 1001.8 1004.1   22.6
202608131200   189   35.0    1.5  139.0    3.7   95.4    1.9   30.7  -99.9    0.0    0.0    0.0    0.0   61.8  997.8 1003.6   22.5
202608131200   192  226.1    1.4  298.2    2.2  255.3    1.4   30.7  -99.9    0.0    0.0    0.0    0.0   51.8  999.7 1003.0   19.7
202608131200   201  104.2    2.8  109.6    4.4   77.6    2.5   29.5  -99.9    0.0    0.0    0.0    0.0   61.4 1000.1 1005.5   21.3
202608131200   202    6.0    2.5  349.0    3.7  352.0    2.2   30.0  -99.9    0.0    0.0    0.0    0.0   52.1  999.4 1004.7   19.1
202608131200   203   21.2    0.6   19.7    2.0   24.9    0.9   28.7  -99.9    0.0    0.0    0.0    0.0   65.1  996.0 1005.0   21.5
202608131200   211   52.0    2.1   42.2    3.3   50.0    2.8   25.3  -99.9    0.0    0.0    0.7    0.7   73.2  982.2 1004.9   20.2
202608131200   212  263.7    1.6  284.2    2.4  286.0    1.7   27.0  -99.9    0.0    0.0    0.0    0.0   64.3  989.2 1004.9   19.7
202608131200   216   30.0    2.9   90.0    4.4   21.7    1.5   21.0  -99.9    0.2    0.3   14.1   14.1   89.4  925.5 1004.3   19.2
202608131200   217  275.3    0.2  256.4    0.3  239.2    0.6   24.6  -99.9    0.0    0.3    4.1    4.1   81.6  969.7 1004.6   21.2
202608131200   221   50.3    0.7   11.1    1.1  167.0    0.9   25.2  -99.9    0.0    0.0    0.0    0.0   70.4  974.7 1004.3   19.4
202608131200   226  261.7    0.6  292.7    1.4  335.2    1.8   28.1  -99.9  -99.9  -99.9  -99.9  -99.2   58.9  984.8 1003.9   19.3
202608131200   229   38.3    4.4   36.8    5.1   40.1    4.4   25.1  -99.9    0.0    0.0    0.0    0.0   84.5  991.8 1003.6   22.3
202608131200   230  171.2    3.5  169.6    4.2  168.9    3.2   26.2  -99.9    0.0    0.0    0.0    0.0   66.6 1004.3 1005.7   19.5
202608131200   232  136.9    0.1  137.8    0.4  296.8    0.7   27.9  -99.9    0.0    0.0    0.0    0.0   58.3  995.3 1004.8   19.0
202608131200   235   24.0    2.3   43.0    2.7    8.8    2.0   31.4  -99.9    0.0    0.0    0.0    0.0   51.4 1002.5 1003.6   20.2
202608131200   236   47.5    2.5   42.2    4.0   18.8    2.0   29.0  -99.9    0.0    0.0    0.0    0.0   59.1 1003.0 1004.5   20.2
202608131200   238  340.1    1.7    0.0    2.8   11.2    1.8   28.1  -99.9    0.0    0.0    0.0    0.0   60.6  984.4 1003.3   19.8
202608131200   239   83.2    0.0  110.8    1.0   14.8    1.4   28.1  -99.9    0.0    0.0    0.0    0.0   61.6  993.5 1003.5   20.0
202608131200   243  311.9    1.2   61.9    1.7   33.7    1.8   29.4  -99.9    0.0    0.0    0.0    0.0   53.1 1002.8 1004.2   18.9
202608131200   244  200.7    1.4  199.8    1.6  258.7    1.2   28.3  -99.9    0.0    0.0    0.0    0.0   53.9  975.6 1002.9   18.1
202608131200   245  291.0    2.3  320.0    3.5  270.4    2.3   30.1  -99.9    0.0    0.0    0.0    0.0   51.0  996.0 1003.6   18.9
202608131200   247  263.9    0.5  247.6    1.1  259.2    1.2   30.2  -99.9  -99.9  -99.9  -99.9  -99.2   52.8  987.9 1002.7   19.5
202608131200   248  108.6    1.7   70.3    2.2  117.5    1.2   28.6  -99.9    0.0    0.0    0.0    0.0   52.0  958.3 1002.8   17.8
202608131200   251  251.3    2.4  251.3    2.4  257.7    2.0   29.3  -99.9    0.0    0.0    0.0    0.0   58.8  997.7 1003.3   20.4
202608131200   252  229.6    1.4  236.3    2.1  253.0    1.1   29.8  -99.9    0.0    0.0    0.0    0.0   55.6  999.5 1003.7   20.0
202608131200   253  140.5    1.8  166.0    2.3  177.6    2.0   33.7  -99.9    0.0    0.0    0.0    0.0   49.4  997.4 1003.4   21.7
202608131200   254  281.6    2.0  263.9    2.8  250.7    1.9   29.9  -99.9    0.0    0.0    0.0    0.0   44.4  989.0 1003.3   16.5
202608131200   255   78.2    1.5   85.9    2.3  323.4    1.2   31.9  -99.9    0.0    0.0    0.0    0.0   46.6  996.3 1001.9   19.1
202608131200   257   64.6    1.4   30.8    2.0   72.4    2.1   31.4  -99.9    0.0    0.0    0.0    0.0   52.2 1001.7 1002.4   20.4
202608131200   258  167.3    2.2  173.1    2.9  203.3    1.5   30.9  -99.9    0.0    0.0    0.0    0.0   52.9 1003.6 1003.8   20.2
202608131200   259   40.4    0.1   26.1    0.7  190.9    0.2   29.8  -99.9    0.0    0.0    0.0    0.0   54.0 1001.5 1003.3   19.5
202608131200   260  110.8    0.4  280.0    2.4  229.9    1.6   31.4  -99.9    0.0    0.0    0.0    0.0   49.9  998.3 1003.2   19.7
202608131200   261  279.5    3.4  279.0    3.4  277.8    1.7   30.6  -99.9    0.0    0.0    0.0    0.0   60.1 1001.9 1003.7   22.0
202608131200   262  293.0    2.0  313.0    2.7  301.5    2.1   30.2  -99.9    0.0    0.0    0.0    0.0   54.0  997.6 1003.4   19.9
202608131200   263  148.8    1.2  106.1    2.6  138.6    1.9   31.3  -99.9    0.0    0.0    0.0    0.0   49.7 1001.2 1002.8   19.6
202608131200   264   19.7    1.6   14.8    2.3   42.0    1.2   29.9  -99.9    0.0    0.0    0.0    0.0   56.5  986.2 1003.0   20.3
202608131200   266  285.9    1.8  285.9    1.8  214.9    2.0   31.1  -99.9    0.0    0.0    0.0    0.0   47.3  993.6 1003.4   18.6
202608131200   268  324.0    2.6  313.3    3.5   12.9    2.1   31.0  -99.9    0.0    0.0    0.0    0.0   52.0 1001.2 1002.3   20.0
202608131200   269   39.7    1.9   55.4    3.5   29.1    2.3   27.8  -99.9    0.0    0.0    0.0    0.0   68.5 1001.3 1004.5   21.5
202608131200   271  118.6    1.6  115.4    2.1  133.7    1.9   25.5  -99.9    0.0    0.0    2.1    2.1   72.8  967.6 1003.7   20.3
202608131200   272  301.5    4.1  295.5    5.9  303.9    4.1   25.5  -99.9    0.0    0.0    0.0    0.0   70.0  980.1 1003.8   19.6
202608131200   273  284.9    1.9  295.5    3.2  282.3    2.0   29.0  -99.9    0.0    0.0    0.0    0.0   59.0  983.7 1002.9   20.2
202608131200   276  158.7    1.1  154.2    1.5   98.4    1.2   26.5  -99.9    0.0    0.0    0.8    0.8   74.7  979.9 1003.2   21.6
202608131200   277   46.7    0.8   81.5    1.7  358.5    0.8   24.4  -99.9    0.0    0.0    0.2    0.2   85.3  999.0 1003.6   21.8
202608131200   278  292.6    1.3  258.8    1.8  339.4    1.2   29.1  -99.9    0.0    0.0    0.2    0.2   56.1  993.4 1002.5   19.5
202608131200   279  324.2    1.3  295.0    2.2  301.9    1.5   30.8  -99.9    0.0    0.0    0.0    0.0   53.6  997.7 1003.2   20.3
202608131200   281   56.2    1.6   59.0    2.2   93.5    1.0   29.1  -99.9    0.0    0.0    0.0    0.0   55.7  992.8 1003.5   19.4
202608131200   283   58.2    3.7   53.2    5.0   33.1    2.9   29.3  -99.9    0.0    0.0    0.0    0.0   62.1  999.0 1003.5   21.3
202608131200   284   21.7    1.9   54.5    3.3   17.8    1.7   28.7  -99.9    0.0    0.0    0.0    0.0   63.8  977.7 1003.0   21.2
202608131200   285   26.0    1.4   16.8    1.9   12.3    1.8   30.3  -99.9    0.0    0.0    0.0    0.0   53.7 1000.4 1003.4   19.9
202608131200   288  284.0    2.7  265.0    3.8  265.5    2.2   32.2  -99.9    0.0    0.0    0.0    0.0   45.5 1000.0 1000.9   19.0
202608131200   289  321.2    2.3  315.2    3.0  340.3    2.0   31.6  -99.9    0.0    0.0    0.0    0.0   52.5  988.4 1003.6   20.7
202608131200   294  299.4    0.9  304.0    1.3  324.9    1.0   29.1  -99.9    0.0    0.0    0.0    0.0   56.5  998.8 1003.8   19.6
202608131200   295   82.5    2.0   53.4    2.9   74.8    1.2   29.9  -99.9    0.0    0.0    0.0    0.0   54.7  998.4 1003.5   19.8
202608131200   296   77.3    0.7   33.5    1.9   92.7    1.5   31.3  -99.9    0.0    0.0    0.0    0.0   51.0 1001.5 1001.8   20.0
202608131200   300   20.7    3.7   12.2    4.5   33.9    3.3   30.2  -99.9    0.0    0.0    0.0    0.0   64.4  999.0 1003.9   22.7
202608131200   301  240.0    2.1  219.0    3.0  239.7    3.4   30.9  -99.9    0.0    0.0    0.0    0.0   52.7 1002.4 1003.9   20.1
202608131200   302   50.0    2.9   54.0    3.2   52.8    2.7   28.8  -99.9    0.0    0.0    0.0    0.0   64.8 1003.3 1004.0   21.5
202608131200   303  273.5    2.3  285.7    4.2  270.2    1.9   27.1  -99.9    0.0    0.0    0.0    0.0   70.3  992.1 1004.0   21.2
202608131200   304  177.0    4.7  175.0    5.3  177.9    4.6   29.8  -99.9    0.0    0.0    0.0    0.0   55.2 1001.3 1004.1   19.9
202608131200   305   46.7    3.5   50.0    4.3   49.6    3.8   28.0  -99.9    0.0    0.0    0.0    0.0   65.8 1001.1 1005.0   21.0
202608131200   306  161.0    2.7  152.3    3.8  136.9    2.4   29.6  -99.9    0.0    0.0    0.0    0.0   56.3 1002.0 1002.3   20.0
202608131200   308    0.0    0.0    0.0    0.0  145.1    1.1   29.2  -99.9    0.0    0.0    0.0    0.0   65.0 1001.8 1002.7   22.0
202608131200   309   56.2    2.2   17.3    3.0   52.6    2.8   29.3  -99.9    0.0    0.0    0.0    0.0   58.5 1002.4 1005.2   20.3
202608131200   310  245.2    3.9  224.2    5.3  229.9    4.2   26.3  -99.9    0.0    0.0    2.5    2.5   85.6 1001.1 1002.7   23.7
202608131200   311   48.0    1.0   95.0    2.4   92.5    0.7   25.4  -99.9    0.0    0.0    0.0    0.0   65.2  937.9 1004.1   18.4
202608131200   312    6.7    0.2    3.0    0.6   42.8    0.5   25.5  -99.9    0.0    0.0    1.0    1.0   74.1  974.1 1003.4   20.6
202608131200   313  106.0    1.3  156.0    2.3   88.3    1.5   29.7  -99.9    0.0    0.0    0.0    0.0   59.1  995.3 1003.1   20.9
202608131200   314   75.5    2.3  106.2    3.9   70.3    2.5   18.0  -99.9    0.0    0.0    0.0    0.0   89.9  842.5 1002.5   16.3
202608131200   315  287.0    1.7  308.0    2.3  304.0    1.6   20.8  -99.9    0.0    0.0    0.0    0.0   76.4  886.4 1003.5   16.5
202608131200   316  308.0    1.0  325.0    1.9  314.2    1.5   21.5  -99.9    0.0    0.0    0.0    0.0   81.3  905.1 1004.1   18.2
202608131200   317  348.4    1.1  223.3    1.8   16.5    1.0   29.6  -99.9    0.0    0.0    0.0    0.0   49.9  990.5 1002.3   18.1
202608131200   318   10.6    4.3   18.0    5.0   12.8    3.4   19.3  -99.9    0.0    0.5   10.0   10.0   93.2  911.5 1005.3   18.2
202608131200   319   41.5    1.6   36.5    2.8   57.7    2.2   27.0  -99.9    0.0    0.0    2.0    2.0   89.4  994.5 1001.0   25.1
202608131200   320  -99.9  -99.9  -99.9  -99.9  -99.9  -99.9  -99.9  -99.9  -99.9  -99.9  -99.9  -99.9  -99.9  -99.9  -99.9  -99.9
202608131200   321   43.3    1.4   51.3    3.2   22.8    1.0   23.0  -99.9    0.5    0.5    2.0    2.0   86.4  976.9 1005.6   20.6
202608131200   322  293.3    3.1  311.1    4.3  295.4    3.1   27.4  -99.9    0.0    0.0    0.0    0.0   67.8  980.7 1005.6   20.9
202608131200   323   75.8    3.0   62.3    3.5   78.5    3.1   25.7  -99.9    0.0    0.0    0.0    0.0   68.4  975.3 1006.2   19.5
202608131200   324  298.7    1.2  312.9    2.2  293.3    1.2   26.9  -99.9    0.0    0.0    0.0    0.0   66.2  986.5 1004.0   20.1
202608131200   325  352.0    1.3    3.0    1.5  354.4    1.0   24.7  -99.9    0.0    0.0    0.0    0.0   81.1  978.7 1004.7   21.2
202608131200   326  256.0    2.0  256.1    2.7  126.8    2.0   28.3  -99.9    0.0    0.0    0.0    0.0   60.3  982.1 1003.3   19.9
202608131200   327  301.3    1.4  278.4    2.5  333.1    1.8   28.5  -99.9    0.0    0.0    0.0    0.0   59.0  992.0 1002.8   19.7
202608131200   328  129.0    6.0  111.0    8.9  124.3    4.4   27.8  -99.9    0.0    0.0    0.0    0.0   72.8  996.1 1002.9   22.5
202608131200   329   69.5    2.1   74.6    2.9   86.0    2.6   26.3  -99.9    0.0    0.0    0.0    0.0   70.2  961.9 1003.6   20.4
202608131200   330   67.4    2.9   80.4    3.6   81.4    2.9   28.1  -99.9    0.0    0.0    0.0    0.0   69.5  987.6 1003.7   22.0
202608131200   331  257.7    1.7  241.4    2.4  276.7    2.4   25.3  -99.9    0.0    0.0    0.0    0.0   88.4  953.9 1001.4   23.2
202608131200   332  304.8    2.8  313.2    5.8   28.1    2.7   26.5  -99.9    0.0    0.0    8.0    8.0   77.8  998.0 1003.5   22.3
202608131200   333  307.8    3.8  317.3    5.0  306.5    4.0   25.6  -99.9    0.0    0.0    2.0    2.0   84.4 1001.6 1003.4   22.8
202608131200   334  331.0    1.8  312.6    3.0  331.6    2.8   23.1  -99.9    0.0    0.0    4.5    4.5   95.0 1002.1 1004.9   22.3
202608131200   335  117.7    1.7  122.7    2.3  112.9    1.6   24.2  -99.9    0.0    0.0    0.0    0.0   79.4  960.5 1005.7   20.4
202608131200   336  234.1    1.4  217.8    2.2  237.7    1.2   27.2  -99.9    0.0    0.0    0.0    0.0   73.0  981.9 1005.4   21.9
202608131200   337  223.4    0.4  218.7    1.2  307.4    0.6   26.7  -99.9    0.0    0.0    0.0    0.0   69.7  982.7 1005.3   20.7
202608131200   338    0.0    0.0   30.0    0.4   84.9    0.2   24.9  -99.9    0.0    0.0    0.0    0.0   84.2  951.9 1005.7   22.1
202608131200   339  252.9    0.7  240.1    1.5  239.1    0.5   26.5  -99.9    0.0    0.0    0.0    0.0   75.4  977.1 1005.2   21.8
202608131200   340   48.0    1.6   44.9    2.0   69.6    1.6   26.1  -99.9    0.0    0.0    0.0    0.0   83.5  990.3 1005.8   23.1
202608131200   341  118.1    1.1  123.2    1.6  336.8    2.0   29.0  -99.9    0.0    0.0    0.0    0.0   51.8  999.7 1003.4   18.1
202608131200   342  304.5    2.5  317.9    3.0  293.0    2.2   29.4  -99.9    0.0    0.0    0.0    0.0   61.1  998.2 1003.7   21.1
202608131200   343  345.7    1.0  313.1    1.7  353.6    1.8   28.3  -99.9    0.0    0.0    0.0    0.0   60.2  996.1 1005.6   19.9
202608131200   344  346.0    3.4  359.0    4.0  315.7    2.8   29.2  -99.9    0.0    0.0    0.0    0.0   62.5  991.2 1004.1   21.3
202608131200   345  315.6    2.3  317.4    2.8  349.4    1.1   27.5  -99.9    0.0    0.0    0.0    0.0   63.5  990.6 1002.8   20.0
202608131200   346   34.5    4.8   21.7    6.1   31.9    3.9   23.8  -99.9    0.0    0.0    8.0    8.0   92.3  997.8 1003.8   22.5
202608131200   347  314.8    0.8  331.4    1.5  327.5    1.4   25.5  -99.9    0.0    0.0    0.0    0.0   70.7  987.4 1004.5   19.8
202608131200   348  202.9    3.2  228.3    4.9  188.7    3.2   23.4  -99.9    0.0    0.0    2.5    2.5   93.4 1004.4 1005.1   22.3
202608131200   349  319.7    1.3  327.4    1.6    2.2    1.8   25.0  -99.9    0.0    0.0    0.0    0.0   74.1  972.1 1002.8   20.1
202608131200   350   56.4    3.1   33.8    3.7   61.3    3.1   20.4  -99.9    0.0    0.5   11.0   11.0   86.9  938.2 1005.9   18.1
202608131200   351  122.0    2.2  -99.2  -99.2  -99.9  -99.9   29.8  -99.9    0.0    0.0    0.0    0.0  -99.7  -99.7  -99.9  -99.9
202608131200   352    4.0  -99.6  -99.2  -99.2  -99.9  -99.9   29.4  -99.9    0.0    0.0    0.0    0.0  -99.2  -99.7  -99.9  -99.9
202608131200   355   20.7    2.1   20.3    5.5   73.8    2.1   30.5  -99.9    0.0    0.0    0.0    0.0   55.0  500.0  -99.9   20.5
202608131200   356   33.3    0.0   27.0    5.2   11.3    1.9   30.5  -99.9    0.0    0.0    0.0    0.0   50.7  500.3  -99.9   19.1
202608131200   358   91.0    3.6   97.7    4.5   38.7    1.7   30.2  -99.9    0.0    0.0    0.0    0.0   59.6  500.1  -99.9   21.5
202608131200   359  -99.9  -99.9  -99.9  -99.9  -99.9  -99.9  -99.9  -99.9  -99.9  -99.9  -99.9  -99.9  -99.9  -99.9  -99.9  -99.9
202608131200   360  281.9    2.0  258.3    5.4  273.3    1.7   28.9  -99.9    0.0    0.0    0.0    0.0   56.8  500.0  -99.9   19.5
202608131200   361   24.2    2.2   46.0    8.2   25.6    2.5   27.6  -99.9    0.0    0.0    0.0    0.0   66.4  500.0  -99.9   20.8
202608131200   363    0.1    1.9  351.9    2.5   14.3    1.7   26.9  -99.9    0.0    0.0    0.0    0.0   64.8  985.7 1001.3   19.7
202608131200   364  321.6    2.8  332.9    6.3  332.6    2.5   29.3  -99.9    0.0    0.0    0.0    0.0   53.3  500.0  -99.9   18.8
202608131200   365  219.4  -99.2  219.4  -99.2  -99.9  -99.9   29.4  -99.9    0.0    0.0    0.0    0.0   51.8  -99.7  -99.9   18.5
202608131200   366    0.0    0.0   57.9    4.3  154.1    0.5   29.5  -99.9    0.0    0.0    0.0    0.0   64.3  500.0  -99.9   22.1
202608131200   367   36.1    2.0   50.8    7.0   59.7    2.5   30.5  -99.9    0.0    0.0    0.0    0.0   54.1  500.0  -99.9   20.2
202608131200   368  -99.9  -99.9  -99.2  -99.2  -99.9  -99.9  -99.9  -99.9  -99.9  -99.9  -99.9  -99.9  -99.9  -99.9  -99.9  -99.9
202608131200   369  108.6    1.4   77.3    5.3   86.9    1.6   29.9  -99.9    0.0    0.0    0.0    0.0   55.6  500.0  -99.9   20.1
202608131200   370   83.6    1.7   69.2    3.8   64.0    1.0   27.9  -99.9    0.0    0.0    0.0    0.0   65.7  500.0  -99.9   20.9
202608131200   371   88.5    2.5    2.8    6.3   50.8    2.0   29.8  -99.9    0.0    0.0    0.0    0.0   60.1  500.0  -99.9   21.2
202608131200   372    5.0    3.6    0.0    4.7    3.9    1.9   30.5  -99.9    0.0    0.0    0.0    0.0   57.9  -99.7  -99.9   21.3
202608131200   373  142.0    1.6  131.0    1.8  111.5    0.8   31.5  -99.9    0.0    0.0    0.0    0.0   45.4  -99.7  -99.9   18.3
202608131200   374   90.3    2.0   62.9    5.8   66.1    2.0   29.8  -99.9    0.0    0.0    0.0    0.0   57.4  500.0  -99.9   20.5
202608131200   375   30.0    1.6   14.0    2.0   25.3    2.1   29.5  -99.9    0.0    0.0    0.0    0.0   56.8  -99.7  -99.9   20.0
202608131200   376  106.2    2.1   89.0    2.9   81.9    2.4   30.2  -99.9    0.0    0.0    0.0    0.0   50.2  996.6 1004.2   18.7
202608131200   377   48.3    2.4   91.2    3.3   84.7    1.6   31.1  -99.9    0.0    0.0    0.0    0.0   49.7 1000.9 1004.0   19.4
202608131200   378  278.0    0.7   90.0    1.7  340.1    1.2   29.2  -99.9    0.0    0.0    0.0    0.0   55.4  996.0 1003.9   19.4
202608131200   379   51.5    0.1   56.9    0.3  194.4    0.4   28.8  -99.9    0.0    0.0    0.0    0.0   55.2  970.3 1002.4   18.9
202608131200   400   50.8    1.7  340.2    2.5   25.1    1.5   30.3  -99.9    0.0    0.0    0.0    0.0   58.0 1003.2 1004.6   21.1
202608131200   401  133.9    1.7  106.4    2.3  120.2    1.5   31.0  -99.9    0.0    0.0    0.0    0.0   50.1  999.2 1002.9   19.4
202608131200   402   17.1    3.0  208.7    3.6   35.9    1.6   29.1  -99.9    0.0    0.0    0.0    0.0   55.0  997.4 1003.6   19.2
202608131200   403  358.0    1.1  302.0    2.0  344.6    1.2   30.2  -99.9    0.0    0.0    0.0    0.0   51.7  998.4 1004.4   19.2
202608131200   404   32.0    0.9   82.0    1.7   17.1    2.0   30.5  -99.9    0.0    0.0    0.0    0.0   50.6 1003.6 1004.6   19.1
202608131200   405   37.3    2.4   17.3    3.7   95.7    2.6   31.9  -99.9    0.0    0.0    0.0    0.0   44.1 1001.0 1003.5   18.2
202608131200   406  342.0    1.7  337.0    3.9    0.1    1.3   30.1  -99.9    0.0    0.0    0.0    0.0   53.1  998.5 1004.8   19.5
202608131200   407   38.0    2.9   27.0    3.8   33.6    2.6   30.8  -99.9    0.0    0.0    0.0    0.0   51.3 1002.2 1005.0   19.6
202608131200   408   26.0    3.9   50.0    6.0   45.0    2.5   30.6  -99.9    0.0    0.0    0.0    0.0   49.3  999.0 1005.0   18.8
202608131200   409   35.0    4.2   66.4    5.7   26.2    3.5   29.9  -99.9    0.0    0.0    0.0    0.0   49.8  999.0 1003.4   18.3
202608131200   410  110.3    2.2   70.3    4.8   90.4    2.2   31.6  -99.9    0.0    0.0    0.0    0.0   47.6  999.4 1004.0   19.1
202608131200   411   68.3    2.4   97.2    3.0   63.0    2.5   31.4  -99.9    0.0    0.0    0.0    0.0   44.5  992.2 1003.3   17.9
202608131200   412  189.9    1.3   60.7    3.4   41.4    1.5  -99.2  -99.9    0.0    0.0    0.0    0.0  -99.2  -99.2  -99.9  -99.9
202608131200   413  110.0    2.4  165.0    4.1   58.0    2.0   29.9  -99.9    0.0    0.0    0.0    0.0   55.1 1001.4 1004.7   19.9
202608131200   414  119.0    4.1  115.2    5.6  120.9    3.3   29.4  -99.9    0.0    0.0    0.0    0.0   49.3  989.4 1003.7   17.7
202608131200   415   65.8    1.3   97.5    2.7   51.4    2.4   30.6  -99.9    0.0    0.0    0.0    0.0   48.6 1000.8 1004.3   18.6
202608131200   416  352.6    1.2   10.6    1.8   13.9    1.5   30.7  -99.9    0.0    0.0    0.0    0.0   47.9  996.7 1002.8   18.4
202608131200   417   90.6    3.1   83.9    4.2   81.8    2.5   30.9  -99.9    0.0    0.0    0.0    0.0   45.9  999.4 1004.4   17.9
202608131200   418   97.0    2.7   83.8    4.0   76.1    2.2   30.5  -99.9    0.0    0.0    0.0    0.0   56.8 1003.3 1004.5   21.0
202608131200   419   59.2    3.6   80.8    6.3   71.6    3.2   29.2  -99.9    0.0    0.0    0.0    0.0   55.4  974.7 1004.2   19.4
202608131200   421   75.2    3.6   77.8    4.4   36.7    3.5   29.8  -99.9    0.0    0.0    0.0    0.0   49.5 1000.0 1003.9   18.1
202608131200   423   56.0    1.8   81.0    4.1   71.2    3.0   31.8  -99.9    0.0    0.0    0.0    0.0   46.1  998.4 1004.6   18.8
202608131200   424  279.0    1.5  334.2    3.5  304.6    1.9   30.9  -99.9    0.0    0.0    0.0    0.0   50.3  996.3 1004.1   19.4
202608131200   425  146.6    1.1  122.5    2.1  138.9    1.7   30.9  -99.9    0.0    0.0    0.0    0.0   48.9  991.5 1004.0   18.9
202608131200   426   56.0    2.2   62.9    3.5   19.9    1.6   27.6  -99.9    0.0    0.0    0.0    0.0   61.2  988.3 1004.8   19.5
202608131200   427   49.7    2.8  123.4    4.5   44.7    3.2   29.5  -99.9    0.0    0.0    0.0    0.0   60.7 1003.5 1004.5   21.1
202608131200   428   94.1    2.0  237.8    2.8   44.9    1.8   30.5  -99.9    0.0    0.0    0.0    0.0   58.9 1000.9 1003.5   21.6
202608131200   430  330.3    1.0  335.9    5.2   13.8    0.9   30.3  -99.9    0.0    0.0    0.0    0.0   59.3  500.0  -99.9   21.5
202608131200   431   99.0    0.5  104.3    1.3   63.6    0.2   29.3  -99.9    0.0    0.0    0.0    0.0   52.2  -99.7  -99.9   18.5
202608131200   432   12.2    1.8   40.4    4.3  329.4    1.3   31.0  -99.9  -99.9  -99.9  -99.9  -99.2   55.7  500.0  -99.9   21.1
202608131200   433   17.2    1.4    2.8    2.3   77.4    1.6   30.4  -99.9    0.0    0.0    0.0    0.0   47.1  -99.7  -99.9   17.9
202608131200   434   44.8    1.5   28.2    2.9   58.7    2.4   29.7  -99.9    0.0    0.0    0.0    0.0  -99.2  -99.7  -99.9  -99.9
202608131200   435   95.3    3.2   87.4    4.5   30.6    2.0   29.2  -99.9    0.0    0.0    0.0    0.0  -99.2  -99.7  -99.9  -99.9
202608131200   436  343.0    0.0  259.4    0.0   69.1    0.4   28.8  -99.9    0.0    0.0    0.0    0.0   56.6  -99.7  -99.9   19.3
202608131200   437   92.9    3.3   87.4    5.2  107.5    2.4   31.5  -99.9    0.0    0.0    0.0    0.0   44.6  -99.7  -99.9   18.0
202608131200   438   92.1    1.8  104.3    3.8   57.5    1.9   29.9  -99.9    0.0    0.0    0.0    0.0   49.2  -99.7  -99.9   18.1
202608131200   439   72.9    2.9   70.5    3.5   77.8    1.3   31.4  -99.9    0.0    0.0    0.0    0.0   48.8  -99.7  -99.9   19.4
202608131200   440   55.2    4.4  128.3    5.7   95.0    2.7   28.0  -99.9    0.0    0.0    0.0    0.0   65.1  500.0  -99.9   20.8
202608131200   441    0.0    0.0  -99.2  -99.2   28.5    1.1   30.2  -99.9    0.0    0.0    0.0    0.0   56.2  500.0  -99.9   20.5
202608131200   442    3.6    0.8  352.9    2.3  345.4    0.5   30.3  -99.9    0.0    0.0    0.0    0.0   57.9  500.0  -99.9   21.1
202608131200   443   86.6    0.3   84.6    1.2  114.8    0.7   26.5  -99.9    0.0    0.0    0.0    0.0   64.0  -99.7  -99.9   19.1
202608131200   444   24.3    0.1  315.5    4.4   11.0    0.9   29.3  -99.9    0.0    0.0    0.0    0.0   59.8  500.0  -99.9   20.7
202608131200   445  152.1    0.2   35.5    4.4  156.9    0.7   30.2  -99.9    0.0    0.0    0.0    0.0   59.4  500.0  -99.9   21.4
202608131200   446  355.0    0.2   77.6    4.7  107.3    1.2   31.3  -99.9    0.0    0.0    0.0    0.0   58.1  500.0  -99.9   22.1
202608131200   447  274.9    1.2  310.7    4.5  273.2    0.7   28.5  -99.9    0.0    0.0    0.0    0.0   65.8  500.0  -99.9   21.5
202608131200   448  -99.2    3.7  -99.2    4.2  -99.9    1.7   28.0  -99.9    0.0    0.0    0.0    0.0   62.4  500.0  -99.9   20.2
202608131200   449    9.9    1.3   45.1    2.2   13.7    1.6   30.7  -99.9    0.0    0.0    0.0    0.0   55.7  -99.7  -99.9   20.8
202608131200   450   51.6    1.4   31.0    2.1   83.6    1.5   29.5  -99.9    0.0    0.0    0.0    0.0   51.6  -99.7  -99.9   18.5
202608131200   451   27.6    2.0  346.9    3.3  355.5    1.2   29.3  -99.9    0.0    0.0    0.0    0.0   54.3  -99.7  -99.9   19.1
202608131200   452  293.2    1.9  304.6    3.2  282.6    1.5   28.9  -99.9    0.0    0.0    0.0    0.0   55.3  -99.7  -99.9   19.1
202608131200   453  213.9    1.0  352.5    1.4  102.6    1.0   30.0  -99.9    0.0    0.0    0.0    0.0  -99.2  -99.7  -99.9  -99.9
202608131200   454   73.1    1.8  -99.2  -99.2   12.8    2.2   28.5  -99.9    0.0    0.0    0.0    0.0  -99.2  -99.7  -99.9  -99.9
202608131200   455   57.7    1.2   42.3    1.9   56.6    1.4   29.0  -99.9    0.0    0.0    0.0    0.0   60.9  -99.7  -99.9   20.7
202608131200   456  355.0    2.1  327.1    3.1  329.9    1.7   29.5  -99.9    0.0    0.0    0.0    0.0   56.6  -99.7  -99.9   20.0
202608131200   457  187.5    2.3  217.1    3.6  241.1    1.6   31.7  -99.9    0.0    0.0    0.0    0.0   54.9  -99.7  -99.9   21.5
202608131200   458  288.8    0.6  220.0    1.3  298.7    0.7   31.5  -99.9    0.0    0.0    0.0    0.0   49.2  -99.7  -99.9   19.6
202608131200   459  -99.9  -99.9  -99.9  -99.9  -99.9  -99.9  -99.9  -99.9  -99.9  -99.9  -99.9  -99.9  -99.2  -99.9  -99.9  -99.9
202608131200   460    2.8    0.7   80.8    4.8  347.8    1.2   30.9  -99.9    0.0    0.0    0.0    0.0   55.1  501.0  -99.9   20.9
202608131200   461  242.9    0.5  172.0    0.8   51.9    1.3   29.4  -99.9    0.0    0.0    0.0    0.0   57.7  -99.7  -99.9   20.2
202608131200   462  356.4    2.3    0.0    3.0    8.5    2.1   27.2  -99.9    0.0    0.0    0.0    0.0   62.3  -99.7  -99.9   19.4
202608131200   463  269.9    2.1  265.0    4.2  248.7    1.6   28.7  -99.9    0.0    0.0    0.0    0.0   62.7  500.0  -99.9   20.9
202608131200   464  292.8    0.0  120.5    3.5  289.1    0.4   28.3  -99.9    0.0    0.0    0.0    0.0   67.4  500.0  -99.9   21.7
202608131200   465   26.0    0.1    9.8    4.2  338.7    0.4   29.4  -99.9    0.0    0.0    0.0    0.0   64.4  500.0  -99.9   22.0
202608131200   466   42.5    1.5   49.2    4.1   52.8    2.2   29.6  -99.9    0.0    0.0    0.0    0.0   63.1  500.0  -99.9   21.8
202608131200   467  144.7    0.9  146.6    1.3  122.6    1.0   30.0  -99.9    0.0    0.0    0.0    0.0  -99.2  -99.7  -99.9  -99.9
202608131200   468  -99.9  -99.9  -99.9  -99.9  -99.9  -99.9  -99.9  -99.9  -99.9  -99.9  -99.9  -99.9  -99.9  -99.9  -99.9  -99.9
202608131200   469  320.4    0.7  358.1    1.1  330.5    1.1   28.3  -99.9    0.0    0.0    0.0    0.0  -99.2  -99.7  -99.9  -99.9
202608131200   470  -99.5    0.7  -99.2  -99.2    0.0    1.8   28.4  -99.9    0.0    0.0    0.0    0.0   69.8  500.0  -99.9   22.4
202608131200   471  308.8    2.5  327.1    3.1  318.1    2.3   29.7  -99.9    0.0    0.0    0.0    0.0  -99.2  -99.7  -99.9  -99.9
202608131200   472   26.5    3.0   33.8    4.0   63.3    0.9   30.1  -99.9    0.0    0.0    0.0    0.0   58.2  -99.7  -99.9   21.0
202608131200   473  156.9    2.1  152.3    3.9  135.5    1.9   29.2  -99.9    0.0    0.0    0.0    0.0   53.6  -99.7  -99.9   18.8
202608131200   474  304.2    2.2  310.2    3.7    0.9    1.4   27.4  -99.9    0.0    0.0    0.0    0.0  -99.2  -99.7  -99.9  -99.9
202608131200   475  280.9    0.5  327.2    4.0  336.4    0.8   26.9  -99.9    0.0    0.0    0.0    0.0   64.8  500.0  -99.9   19.7
202608131200   476  259.8    0.4  290.5    0.7  349.7    0.4   27.9  -99.9    0.0    0.0    0.0    0.0   61.1  -99.7  -99.9   19.7
202608131200   477  -99.2  -99.2  -99.2  -99.2  -99.9  -99.9  -99.2  -99.9    0.0    0.0    0.0    0.0  -99.2  -99.7  -99.9  -99.9
202608131200   478  357.7    2.3  349.7    3.1  350.0    1.7   29.9  -99.9    0.0    0.0    0.0    0.0  -99.2  -99.7  -99.9  -99.9
202608131200   479   55.2    2.0   45.1    3.7   49.6    1.8   28.9  -99.9    0.0    0.0    0.0    0.0  -99.2  -99.7  -99.9  -99.9
202608131200   480    1.2    1.7    0.0    2.4  351.1    1.9   30.6  -99.9    0.0    0.0    0.0    0.0   53.6  -99.7  -99.9   20.1
202608131200   481   12.6    2.9   33.8    4.6   22.0    2.8   28.7  -99.9    0.0    0.0    0.0    0.0  -99.2  -99.7  -99.9  -99.9
202608131200   482   83.9    1.1   90.2    1.7   73.6    1.3   30.6  -99.9    0.0    0.0    0.0    0.0   47.9  -99.7  -99.9   18.3
202608131200   483   53.6    3.0   39.5    4.2   69.3    1.9   29.1  -99.9    0.0    0.0    0.0    0.0  -99.2  -99.7  -99.9  -99.9
202608131200   484  -99.9  -99.9  -99.9  -99.9  -99.9  -99.9  -99.9  -99.9  -99.9  -99.9  -99.9  -99.9  -99.9  -99.9  -99.9  -99.9
202608131200   485  194.6    0.4   67.7    0.9  120.7    0.7   28.9  -99.9    0.0    0.0    0.0    0.0  -99.2  -99.7  -99.9  -99.9
202608131200   486   50.0    2.6   62.0    3.5   99.3    1.4   30.1  -99.9    0.0    0.0    0.0    0.0  -99.2  -99.7  -99.9  -99.9
202608131200   487   37.0    3.5   33.8    4.4   51.6    3.2   28.9  -99.9    0.0    0.0    0.0    0.0  -99.2  -99.7  -99.9  -99.9
202608131200   488   51.9    3.7   40.6    5.4   56.7    2.6   31.4  -99.9    0.0    0.0    0.0    0.0   57.9  500.0  -99.9   22.1
202608131200   489   49.0    2.4   39.5    3.3   44.5    2.5   30.4  -99.9    0.0    0.0    0.0    0.0   50.0  -99.7  -99.9   18.8
202608131200   491   53.4    3.0    1.0    5.9   70.8    2.7   29.4  -99.9    0.0    0.0    0.0    0.0   60.7  500.0  -99.9   21.0
202608131200   492   43.9    3.6   53.4    7.6   19.5    3.1   29.2  -99.9    0.0    0.0    0.0    0.0   57.0  500.0  -99.9   19.8
202608131200   493  308.1    0.6  299.2    1.5    3.1    1.7   29.8  -99.9    0.0    0.0    0.0    0.0   56.6 1000.1 1004.0   20.3
202608131200   494  137.1    1.0  153.5    1.5   92.5    1.0   28.7  -99.9    0.0    0.0    0.0    0.0   70.4  992.0 1003.8   22.8
202608131200   495   51.5    3.2   48.5    4.5   54.8    3.1   29.6  -99.9    0.0    0.0    0.0    0.0   65.8 1002.5 1004.0   22.5
202608131200   496    9.6    2.1    8.9    2.8    6.9    1.8   28.4  -99.9    0.0    0.0    0.0    0.0   66.0 1000.4 1003.5   21.4
202608131200   497  321.9    2.4  323.0    3.5  338.6    2.6  -99.2  -99.9  -99.9  -99.9  -99.9  -99.2  -99.2  -99.2  -99.9  -99.9
202608131200   498  181.0    1.5  208.0    2.4  217.5    0.8   17.8  -99.9    0.0    1.5   20.0   20.0  100.0  894.8 1006.5   17.8
202608131200   500   53.3    2.2   74.6    3.0   49.1    2.6   30.1  -99.9    0.0    0.0    0.0    0.0   59.8  999.2 1004.6   21.4
202608131200   501  304.0    1.1  122.0    1.7   18.2    1.5   28.8  -99.9    0.0    0.0    0.0    0.0   63.9 1004.8 1005.7   21.3
202608131200   502   71.6    1.1   61.4    2.8   72.6    1.3   28.4  -99.9    0.0    0.0    0.0    0.0   62.4 1003.5 1005.1   20.5
202608131200   503   25.0    3.1   24.0    3.8   37.6    2.6   28.4  -99.9    0.0    0.0    0.0    0.0   61.4 1003.4 1005.5   20.3
202608131200   504   44.3    3.0   39.1    3.8   53.2    3.1   29.7  -99.9    0.0    0.0    0.0    0.0   55.7  993.0 1004.7   19.9
202608131200   505  125.4    0.4  130.0    1.6  130.2    0.3   28.7  -99.9    0.0    0.0    0.0    0.0   65.2  986.5 1005.5   21.5
202608131200   506   77.9    2.7   74.0    3.5   69.9    2.8   29.8  -99.9    0.0    0.0    0.0    0.0   58.1 1003.6 1005.0   20.7
202608131200   507   83.1    2.3   61.6    3.3   82.4    1.4   28.7  -99.9    0.0    0.0    0.0    0.0   57.4  996.6 1005.1   19.5
202608131200   508   55.1    2.7   41.1    3.7   53.6    2.8   27.4  -99.9    0.0    0.0    0.0    0.0   63.8  988.0 1003.8   19.9
202608131200   509   56.1    2.3   28.0    3.2   31.5    2.8   29.7  -99.9    0.0    0.0    0.0    0.0   49.4  987.1 1002.8   18.0
202608131200   510  100.8    2.1   80.0    2.8   98.0    1.7   32.2  -99.9    0.0    0.0    0.0    0.0   44.0 1001.7 1004.5   18.4
202608131200   511   27.4    1.8   30.5    2.8  353.7    1.9   30.7  -99.9    0.0    0.0    0.0    0.0   54.3 1003.9 1004.7   20.4
202608131200   512  188.8    1.5  120.0    2.2  140.7    2.4   30.9  -99.9    0.0    0.0    0.0    0.0   49.4 1003.5 1004.4   19.1
202608131200   513   33.1    1.8   56.1    2.5   28.1    1.6   26.2  -99.9    0.0    0.0    0.0    0.0   67.4 1001.7 1005.0   19.7
202608131200   514   30.8    3.3   19.1    4.2   46.4    2.4   29.1  -99.9    0.0    0.0    0.0    0.0   53.6 1003.0 1004.1   18.7
202608131200   515   42.6    2.4   42.8    3.0   38.9    3.2   30.5  -99.9    0.0    0.0    0.0    0.0   65.1 1002.3 1003.5   23.2
202608131200   516   86.0    2.2  110.0    2.8  101.1    1.3   29.3  -99.9    0.0    0.0    0.0    0.0   60.7 1001.7 1004.4   20.9
202608131200   517  311.6    3.0  318.2    3.6  289.2    2.8   22.2  -99.9    0.0    0.0    4.5    4.5   94.3 1005.1 1005.8   21.2
202608131200   518   83.0    1.8   96.0    2.5   94.1    2.1   21.6  -99.9    0.0    0.0    1.5    1.5   88.1  953.6 1006.1   19.5
202608131200   519  204.9    1.8  198.5    2.4  227.3    1.1   26.0  -99.9    0.0    0.0    0.0    0.0   67.4  970.9 1004.1   19.5
202608131200   520  224.0    0.9  260.0    1.4  225.2    1.2   22.2  -99.9    0.0    1.5   14.0   14.0   95.5  990.7 1006.2   21.4
202608131200   522   50.5    0.3   53.2    0.5   31.5    0.4   28.1  -99.9    0.0    0.0    0.0    0.0   59.2  981.4 1003.4   19.4
202608131200   523  316.5    5.2  321.3    8.2  310.8    5.0   22.8  -99.9    0.0    0.0   13.5   13.5   89.3 1003.3 1004.3   20.9
202608131200   524   70.3    4.8  148.3    6.2   80.2    4.0   24.6  -99.9    0.0    0.0    3.5    3.5   90.6 1003.2 1003.7   23.0
202608131200   525   23.9    3.0  292.2    4.5  357.3    3.1   25.2  -99.9    0.0    0.0    0.0    0.0   74.1  941.5 1003.8   20.3
202608131200   526  219.0    0.6  239.7    1.0  189.2    0.9   25.9  -99.9    0.0    0.0    0.0    0.0   69.9  969.1 1002.8   20.0
202608131200   527  221.2    2.6  237.4    3.0  217.1    2.3   22.1  -99.9    0.0    0.0    1.5    1.5   91.7  959.4 1003.4   20.7
202608131200   529   40.1    4.2   14.0    5.3   29.7    2.7   26.3  -99.9    0.0    0.5    6.0    6.0   79.7  999.4 1003.5   22.5
202608131200   530    7.6    0.1  167.6    0.5  130.0    0.8   24.4  -99.9    0.5    6.0    9.5    9.5   95.9  -99.7  -99.9   23.7
202608131200   531   41.0    2.2   68.0    3.8   79.7    2.3   28.9  -99.9    0.0    0.0    0.0    0.0   61.9  992.6 1004.8   20.9
202608131200   532   70.0    2.2  106.0    3.2   72.6    1.8   30.1  -99.9    0.0    0.0    0.0    0.0   52.6  995.1 1005.1   19.4
202608131200   533   43.3    1.7   22.5    2.5   28.2    1.2   30.5  -99.9    0.0    0.0    0.0    0.0   56.3  -99.7  -99.9   20.8
202608131200   534  350.0    2.1   14.0    2.6    8.2    2.2   27.7  -99.9    0.0    0.0    0.0    0.0   67.6  994.8 1004.7   21.2
202608131200   535   23.0    1.0   70.0    1.7   49.0    1.1   26.9  -99.9    0.0    0.0    0.0    0.0   67.7  969.3 1004.0   20.4
202608131200   536  148.8    1.4  179.3    1.8  171.1    1.7   27.4  -99.9    0.0    0.0    0.0    0.0   63.2  991.0 1003.8   19.8
202608131200   537  346.0    4.9    8.0    5.8  345.2    4.4   21.3  -99.9    0.5    1.5    5.5    5.5   93.4  950.4 1005.0   20.2
202608131200   538  327.0    2.4  345.0    3.0  327.2    2.1   28.4  -99.9    0.0    0.0    0.0    0.0   63.7  996.1 1005.4   20.9
202608131200   539  305.6    1.7  312.1    2.8  335.5    2.1   28.8  -99.9    0.0    0.0    0.0    0.0   62.3  988.6 1004.8   20.9
202608131200   540   76.6    1.6   18.6    2.5    8.3    1.5   30.1  -99.9    0.0    0.0    0.0    0.0   52.8  997.9 1002.9   19.4
202608131200   541   65.0    4.2   75.0    5.5   44.3    2.4   30.1  -99.9    0.0    0.0    0.0    0.0   53.4 1002.0 1004.8   19.6
202608131200   542   11.0    3.2   37.0    4.3   26.9    2.3   30.0  -99.9    0.0    0.0    0.0    0.0   57.6 1000.3 1005.0   20.7
202608131200   543   95.6    1.2   67.8    2.2  199.2    1.1   29.5  -99.9    0.0    0.0    0.0    0.0   56.3 1001.1 1004.0   19.9
202608131200   544   95.0    4.6   93.9    5.6   82.6    4.0  -99.2  -99.9    0.0    0.0    0.0    0.0   51.2 1002.2  -99.9  -99.9
202608131200   545   59.0    0.2  154.0    0.8   39.1    0.5   31.2  -99.9    0.0    0.0    0.0    0.0   51.8 1003.9 1004.6   20.1
202608131200   546   81.9    2.4   67.5    3.3   77.0    2.3   28.6  -99.9    0.0    0.0    0.0    0.0   59.2  989.4 1003.1   19.9
202608131200   547  292.0    1.3  317.0    1.9  310.2    1.6   27.6  -99.9    0.0    0.0    0.0    0.0   65.0  992.3 1004.5   20.4
202608131200   548   22.0    0.5   13.0    1.3  351.6    1.0   27.9  -99.9    0.0    0.0    0.0    0.0   66.1  991.5 1004.8   21.0
202608131200   549  341.0    3.7   12.0    5.2  336.3    2.5   29.7  -99.9    0.0    0.0    0.0    0.0   57.2  995.2 1004.5   20.3
202608131200   550   75.8    1.6   83.6    2.0   45.4    2.5   28.8  -99.9    0.0    0.0    0.0    0.0   57.6  998.8 1002.7   19.6
202608131200   551   99.8    1.3   72.5    2.7   34.4    1.3   30.3  -99.9    0.0    0.0    0.0    0.0   66.9 1001.3 1004.3   23.5
202608131200   552  150.8    4.0  146.6    4.7  156.8    3.4   26.8  -99.9    0.0    0.0    0.0    0.0   62.6  978.3 1003.9   19.1
202608131200   553  347.0    2.3   23.5    2.8  309.5    2.3   22.3  -99.9    0.0    0.0    8.5    8.5   94.0 1004.1 1005.1   21.3
202608131200   554    8.3    1.9  339.1    3.0   99.3    2.1   18.6  -99.9    0.0    1.5   18.0   18.0   99.9  920.5 1006.2   18.6
202608131200   555  318.0    1.5  336.0    1.9  326.3    1.2   27.6  -99.9    0.0    0.0    0.0    0.0   64.1  993.1 1005.4   20.2
202608131200   556   52.4    4.3   43.8    6.1   45.5    2.9   26.2  -99.9    0.0    0.0    0.0    0.0   65.4  982.7 1003.7   19.2
202608131200   557  309.9    1.0  336.2    1.6   33.8    1.5   22.6  -99.9    0.0    1.0    1.0    1.0   90.9  971.7 1004.6   21.0
202608131200   558   51.4    2.9   49.0    3.4  345.7    1.2   28.1  -99.9    0.0    0.0    0.0    0.0   63.0  993.1 1003.7   20.4
202608131200   559  295.2    1.4  318.8    2.8  346.7    1.9   23.2  -99.9    0.0    0.0    2.5    2.5   81.4  939.8 1003.2   19.8
202608131200   560   40.3    2.9   39.0    4.4   60.2    2.6   22.3  -99.9    0.0    0.0    2.0    2.0   83.3  943.4 1003.4   19.3
202608131200   561  322.9    0.2   33.6    1.0  278.8    1.5   27.6  -99.9    0.0    0.0    0.0    0.0   62.4  978.0 1002.6   19.8
202608131200   563  114.9    3.6  121.0    5.6  116.9    3.3   24.3  -99.9    0.0    0.0    5.5    5.5   80.0  964.2 1004.7   20.6
202608131200   565   40.1    2.9   37.9    3.6   57.4    2.7   29.5  -99.9    0.0    0.0    0.0    0.0   52.1 1004.0 1004.6   18.7
202608131200   566  345.0    6.5  359.0    8.1  338.9    4.8   24.5  -99.9    0.0    0.0    9.5    9.5   86.9 1004.6 1005.3   22.2
202608131200   567   74.8    2.5   89.0    3.3  107.5    2.6   28.8  -99.9    0.0    0.0    0.0    0.0   54.1  996.8 1004.8   18.6
202608131200   568  264.3    2.2  344.7    3.3   58.9    1.7   27.8  -99.9    0.0    0.0    0.0    0.0   62.1  988.2 1004.1   19.9
202608131200   569   83.6    1.7  301.0    2.8   56.4    1.3   30.2  -99.9    0.0    0.0    0.0    0.0   53.8 1000.9 1003.9   19.8
202608131200   570   16.6    2.0  210.6    2.9   41.7    1.8   28.9  -99.9    0.0    0.0    0.0    0.0   57.8  999.6 1003.4   19.8
202608131200   571  119.0    2.2  130.1    3.1   73.8    1.9   31.0  -99.9    0.0    0.0    0.0    0.0   52.4  999.6 1004.6   20.1
202608131200   572   32.0    0.6   33.7    1.1    5.8    1.0   29.8  -99.9    0.0    0.0    0.0    0.0   55.6 1001.8 1005.0   20.0
202608131200   573   74.6    2.7  101.6    4.4   59.2    2.6   28.2  -99.9    0.0    0.0    0.0    0.0   61.3  991.2 1004.7   20.1
202608131200   574   22.9    2.7   32.7    3.8   48.1    3.0   28.4  -99.9    0.0    0.0    0.0    0.0   62.0 1000.3 1004.4   20.4
202608131200   575   80.2    1.1   67.4    2.0   71.4    0.9   30.6  -99.9    0.0    0.0    0.0    0.0   63.3  998.7 1004.4   22.8
202608131200   576  184.8    1.1  124.4    3.0  145.3    1.2   29.3  -99.9    0.0    0.0    0.0    0.0   56.1  992.0 1004.4   19.7
202608131200   577   48.9    2.3   36.9    2.8   60.4    2.3   29.8  -99.9    0.0    0.0    0.0    0.0   65.3 1004.2 1005.2   22.6
202608131200   578  287.9    2.2  293.7    2.7  291.5    2.3   27.9  -99.9    0.0    0.0    0.0    0.0   72.1 1002.5 1003.4   22.4
202608131200   579   78.3    3.2   89.1    4.1   63.5    2.6   22.4  -99.9    0.0    0.0    2.5    2.5   85.3  936.8 1003.9   19.8
202608131200   580  291.6    2.9  279.8    3.9  291.7    3.2   25.6  -99.9    0.0    0.0    2.0    2.0   86.4  997.6 1004.2   23.2
202608131200   581  275.8    3.9  273.0    4.8  274.6    3.4   25.2  -99.9    0.0    0.0    0.5    0.5   76.0  957.3 1004.0   20.7
202608131200   582  315.2    2.1  318.9    3.8  307.6    2.8   24.8  -99.9    0.0    0.0    0.0    0.0   74.9  967.4 1004.0   20.1
202608131200   583  315.4    1.5  327.8    1.8  303.6    1.1   23.7  -99.9    0.0    0.0    0.0    0.0   87.5  944.8 1003.9   21.5
202608131200   585   49.8    1.2  135.5    2.7   25.5    1.7   26.1  -99.9    0.0    0.0    0.0    0.0   73.4  978.5 1004.9   21.0
202608131200   586  142.0    2.9  142.8    4.4  155.1    2.4   25.9  -99.9    0.0    0.0    0.0    0.0   70.3  978.2 1003.5   20.1
202608131200   587   57.4    0.5   59.2    1.6   36.4    1.0   24.5  -99.9    0.0    0.0    0.0    0.0   81.6  973.9 1008.1   21.1
202608131200   588   48.4    2.2   45.4    2.8   57.7    1.9   28.3  -99.9    0.0    0.0    0.0    0.0   67.9  995.2 1007.4   21.8
202608131200   589   67.7    2.1   91.5    2.8   88.5    1.2   29.2  -99.9    0.0    0.0    0.0    0.0   57.7  997.5 1004.1   20.0
202608131200   590   15.5    3.2   11.1    5.2   31.6    2.6   30.3  -99.9    0.0    0.0    0.0    0.0   52.2  999.7 1004.9   19.4
202608131200   591  148.0    0.2  169.4    0.8  205.0    0.7   26.4  -99.9    0.0    0.0    0.0    0.0   68.5  974.1 1003.9   20.1
202608131200   592   62.5    1.1  122.7    1.7   42.6    1.1   26.9  -99.9    0.0    0.0    0.0    0.0   69.6  998.6 1004.5   20.9
202608131200   593   44.7    1.4   46.7    2.0   58.6    1.5   23.6  -99.9    0.0    0.5   10.5   10.5   88.8  991.3 1005.9   21.6
202608131200   594  207.0    4.3  204.7    4.9  205.5    3.1   23.5  -99.9    0.0    0.0    1.0    1.0   86.8  968.8 1004.3   21.2
202608131200   595   24.4    3.4   33.7    4.6   21.1    2.7   19.9  -99.9    0.0    1.1   23.5   23.5   99.7  941.3 1007.0   19.9
202608131200   596  168.1    1.7  158.8    4.5  152.5    2.4   24.6  -99.9    0.0    0.0    7.0    7.0   80.3  978.3 1005.4   21.0
202608131200   597   35.5    2.0   42.3    2.5   34.7    2.2   23.8  -99.9    0.0    0.0    0.0    0.0   72.7  942.4 1004.4   18.6
202608131200   598   74.4    2.6   59.7    3.3   95.7    2.3   31.8  -99.9    0.0    0.0    0.0    0.0   49.6  995.2 1004.9   20.0
202608131200   599   41.7    3.0   46.2    4.2   30.4    2.6   31.1  -99.9    0.0    0.0    0.0    0.0   53.0  993.2 1004.9   20.4
202608131200   600   34.2    3.0   37.3    4.0   39.3    2.5   27.9  -99.9    0.0    0.0    0.0    0.0   62.2  987.9 1002.6   20.0
202608131200   601  141.1    1.3  131.6    1.7  137.1    0.8   24.7  -99.9    0.0    0.0    1.0    1.0   79.5  986.6 1003.2   20.9
202608131200   602   54.4    3.4   51.0    4.2   44.8    3.3   26.7  -99.9    0.0    0.0    0.0    0.0   70.0  995.7 1003.4   20.8
202608131200   603   56.7    2.6   61.6    4.2   32.6    2.1   28.7  -99.9    0.0    0.0    0.0    0.0   60.6  990.7 1004.1   20.3
202608131200   604   29.0    2.1   56.0    2.9   27.9    1.2   28.5  -99.9    0.0    0.0    0.0    0.0   62.8  990.9 1004.1   20.7
202608131200   605   60.0    1.8   97.0    3.3   69.6    1.5   29.7  -99.9    0.0    0.0    0.0    0.0   55.5  987.6 1003.5   19.9
202608131200   606   73.9    2.0  346.0    2.8  161.6    2.0   28.1  -99.9    0.0    0.0    0.0    0.0   64.4 1000.9 1003.5   20.8
202608131200   607  301.8    2.3  311.5    2.7  295.9    2.1   29.2  -99.9    0.0    0.0    0.0    0.0   58.7 1003.0 1003.8   20.3
202608131200   609  269.0    1.9  275.3    2.3  252.4    1.4   26.8  -99.9    0.0    0.0    0.0    0.0   71.4  998.9 1003.4   21.2
202608131200   610  315.0    3.1  329.0    3.8  315.7    2.8   29.5  -99.9    0.0    0.0    0.0    0.0   59.9 1002.4 1004.3   20.9
202608131200   611  303.8    1.3  290.5    1.7  359.3    1.7   27.7  -99.9    0.0    0.0    0.0    0.0   67.0  996.7 1002.4   21.0
202608131200   612   52.5    2.3   67.0    2.8   45.2    1.7   28.5  -99.9    0.0    0.0    0.0    0.0   61.0 1001.0 1003.7   20.3
202608131200   614   91.6    0.5  111.6    1.4   33.9    1.5   27.9  -99.9    0.0    0.0    0.0    0.0   68.0 1002.6 1003.7   21.5
202608131200   615  351.9    1.8   13.7    2.5  327.4    1.5   28.3  -99.9    0.0    0.0    0.0    0.0   62.4 1002.0 1002.9   20.4
202608131200   616    9.0    1.9   11.0    3.3   15.1    2.1   30.4  -99.9    0.0    0.0    0.0    0.0   56.4  998.7 1004.5   20.8
202608131200   617  342.6    1.7    2.7    2.8    2.6    2.2   28.5  -99.9    0.0    0.0    0.0    0.0   68.3  -99.7  -99.9   22.1
202608131200   618    2.0    1.1  335.6    1.4   15.8    2.1   29.0  -99.9    0.0    0.0    0.0    0.0   60.3  -99.7  -99.9   20.5
202608131200   619   78.0    2.2  105.0    3.7   64.0    2.7   28.0  -99.9    0.0    0.0    0.0    0.0   67.4  989.2 1004.1   21.4
202608131200   620   55.6    0.9   40.3    1.4   61.4    0.9   27.2  -99.9    0.0    0.0    0.0    0.0   77.3  997.0 1004.4   22.9
202608131200   621  110.7    0.6  119.1    0.9  119.4    0.5   25.8  -99.9    0.0    0.0    0.0    0.0   76.1  988.0 1004.6   21.3
202608131200   622   75.6    1.7  100.4    2.4   24.9    1.9   27.1  -99.9    0.0    0.0    0.0    0.0   66.7  978.7 1004.1   20.4
202608131200   623   64.8    1.8   53.4    2.6   75.3    1.9   28.6  -99.9    0.0    0.0    0.0    0.0   57.2  995.3 1003.7   19.3
202608131200   624  283.2    0.1  287.2    0.4  257.4    1.0   27.5  -99.9    0.0    0.0    0.0    0.0   60.8  978.8 1003.7   19.3
202608131200   625  276.7    1.8  287.5    2.2  261.9    1.6   26.9  -99.9    0.0    0.0    0.0    0.0   73.3  967.1 1002.9   21.7
202608131200   626  292.3    0.3  295.9    1.1  239.6    0.7   28.3  -99.9    0.0    0.0    0.0    0.0   61.6  989.7 1003.2   20.2
202608131200   627  345.4    1.2  337.7    3.1  355.7    2.9   29.3  -99.9    0.0    0.0    0.0    0.0   55.5 1002.0 1003.7   19.5
202608131200   628   11.5    3.3    5.5    4.3  354.9    2.5   29.6  -99.9    0.0    0.0    0.0    0.0   56.6 1000.2 1003.5   20.1
202608131200   629    0.0    0.0  153.8    0.0   26.2    1.0   28.4  -99.9    0.0    0.0    0.0    0.0   59.4  994.8 1004.3   19.7
202608131200   630   40.6    1.7   21.2    2.3   37.4    2.1   26.8  -99.9    0.0    0.0    0.0    0.0   69.3  992.2 1004.5   20.7
202608131200   631  -99.9  -99.9  -99.9  -99.9  -99.9  -99.9  -99.9  -99.9  -99.9  -99.9  -99.9  -99.9  -99.9  -99.9  -99.9  -99.9
202608131200   632  107.3    2.1  103.7    2.6  125.9    1.9   28.6  -99.9    0.0    0.0    0.0    0.0   66.8  998.0 1004.5   21.8
202608131200   633    0.1    1.4    2.3    1.9   39.2    1.6   28.7  -99.9    0.0    0.0    0.0    0.0   61.6  996.2 1004.7   20.6
202608131200   634   57.9    3.1   55.5    3.9   61.5    3.4   29.9  -99.9    0.0    0.0    0.0    0.0   54.1 1001.3 1004.6   19.6
202608131200   635   83.5    0.9   25.2    1.2   98.4    0.7   28.9  -99.9    0.0    0.0    0.0    0.0   63.0 1003.4 1004.6   21.2
202608131200   636   14.8    0.0  337.1    0.2  304.8    0.8   28.1  -99.9    0.0    0.0    0.0    0.0   62.0  988.6 1003.3   20.1
202608131200   637   76.8    1.6   73.1    2.7   56.2    1.6   28.4  -99.9    0.0    0.0    0.0    0.0   64.7 1003.9 1004.9   21.1
202608131200   638  175.2    2.9  168.0    3.6  184.9    2.7   23.2  -99.9    0.0    0.0    0.5    0.5   85.0  975.1 1002.5   20.5
202608131200   639  122.4    0.2  316.2    0.4  295.6    1.4   26.1  -99.9    0.0    0.0    0.0    0.0   69.6  972.4 1003.9   20.1
202608131200   640  191.9    0.8  198.0    1.1    0.2    2.2   27.8  -99.9    0.0    0.0    0.0    0.0   60.9  978.6 1003.7   19.6
202608131200   641  279.1    2.1  260.3    2.6  243.4    2.0   29.0  -99.9    0.0    0.0    0.0    0.0   62.9  995.5 1004.3   21.2
202608131200   642  253.8    0.9  250.9    1.2   41.1    1.0   27.9  -99.9    0.0    0.0    0.0    0.0   64.4  987.5 1004.1   20.6
202608131200   643  345.0    1.2   11.4    2.4  239.1    0.9   27.9  -99.9    0.0    0.0    0.0    0.0   64.2  993.9 1004.1   20.5
202608131200   644  149.8    1.9   94.9    3.0   48.3    2.0   29.3  -99.9    0.0    0.0    0.0    0.0   59.7 1000.2 1002.9   20.7
202608131200   645   78.9    2.3   81.7    3.3   85.9    2.6   29.2  -99.9    0.0    0.0    0.0    0.0   54.3 1002.0 1003.9   19.0
202608131200   646  291.9    2.9  296.1    3.5  308.8    3.4   28.8  -99.9    0.0    0.0    0.0    0.0   61.9 1003.0 1003.9   20.8
202608131200   647   31.4    0.5   16.9    0.8    2.6    1.2   28.6  -99.9    0.0    0.0    0.0    0.0   55.9  -99.7  -99.9   18.9
202608131200   648   61.7    0.6   73.0    1.2   26.6    1.5   27.4  -99.9    0.0    0.0    0.0    0.0   69.0  991.6 1002.8   21.2
202608131200   649   89.9    3.5   83.9    4.7   85.4    2.3   29.8  -99.9    0.0    0.0    0.0    0.0   53.7 1001.3 1004.2   19.4
202608131200   650   54.6    2.5   47.4    3.0   32.3    1.7   27.5  -99.9    0.0    0.0    0.0    0.0   68.0  981.6 1002.4   21.1
202608131200   651  326.0    1.8   14.0    3.2  295.0    1.2   27.6  -99.9    0.0    0.0    0.0    0.0   63.9  981.1 1005.2   20.2
202608131200   652  113.0    0.4   71.3    0.6   56.0    1.1   29.1  -99.9    0.0    0.0    0.0    0.0   58.6  999.2 1003.5   20.2
202608131200   654   43.1    1.3   48.2    2.0   48.0    1.9   28.6  -99.9    0.0    0.0    0.0    0.0   64.7 1003.8 1005.0   21.3
202608131200   655   50.3    2.6   41.0    3.5   47.5    2.2   26.0  -99.9    0.0    0.0    0.0    0.0   65.8  996.5 1005.9   19.1
202608131200   656  247.2    0.1  246.4    0.7  246.2    0.6   28.0  -99.9    0.0    0.0    0.0    0.0   68.6  999.5 1005.0   21.7
202608131200   657  265.7    1.6  255.1    2.1  249.5    1.7   28.7  -99.9    0.0    0.0    0.0    0.0   63.5 1001.0 1004.6   21.1
202608131200   658  285.7    1.5  295.1    3.8  261.4    1.8   26.5  -99.9    0.0    0.0    0.0    0.0   69.0 1003.3 1004.4   20.4
202608131200   659   32.8    0.2   19.8    1.2   41.8    0.7   23.0  -99.9    0.0    0.0    0.0    0.0   74.7  913.5 1003.8   18.3
202608131200   660   43.1    1.5   24.0    1.7   53.5    0.7   22.4  -99.9    0.0    1.0    1.0    1.0   90.3  945.7 1005.0   20.7
202608131200   661  301.9    2.4  298.7    2.9  295.2    2.6   22.2  -99.9    0.5    0.5    7.5    7.5   99.1 1005.9 1006.5   22.1
202608131200   662   37.5    3.6   34.7    4.3   41.9    3.8   26.7  -99.9    0.0    0.0    0.0    0.0   74.8 1001.8 1003.0   21.9
202608131200   663  331.3    2.6  335.5    3.6  350.0    1.9   26.1  -99.9    0.0    0.0    0.0    0.0   85.2  998.3 1005.4   23.4
202608131200   664   40.7    2.1   43.0    2.8   43.7    2.6   28.8  -99.9    0.0    0.0    0.0    0.0   62.2 1003.2 1005.2   20.9
202608131200   665   66.5    3.7   65.0    5.4   58.1    3.0   30.3  -99.9    0.0    0.0    0.0    0.0   52.7 1000.1 1003.3   19.6
202608131200   666  338.8    3.8  335.4    4.0  336.0    3.9   24.3  -99.9    0.0    0.0    0.0    0.0   84.1 1000.4 1004.1   21.4
202608131200   667  339.5    2.8  345.8    3.0  338.1    2.4   25.0  -99.9    0.0    0.0    0.0    0.0   85.2  998.1 1004.7   22.3
202608131200   669   48.3    2.3   61.1    2.9   45.9    2.1   27.7  -99.9    0.0    0.0    0.0    0.0   65.6 1001.9 1003.9   20.7
202608131200   670   42.2    3.3   13.9    4.8   42.3    3.7   23.5  -99.9    0.0    0.5    5.0    5.0   90.2 1004.0 1004.8   21.8
202608131200   671  275.1    3.2  294.3    5.0  270.0    3.0   23.4  -99.9    0.0    0.5    7.0    7.0   92.6 1005.6 1006.1   22.1
202608131200   672  257.7    2.4  219.9    3.7  241.4    2.6   30.9  -99.9    0.0    0.0    0.0    0.0   57.2 1003.0 1004.2   21.5
202608131200   673  286.0    2.2  276.1    3.0  291.2    2.3   32.1  -99.9    0.0    0.0    0.0    0.0   48.1 1000.9 1003.2   19.8
202608131200   674   83.0    5.4  150.8    6.9  326.7    4.6   23.0  -99.9    0.0    0.0    0.5    0.5   81.0  913.7 1003.0   19.6
202608131200   675   56.8    0.8   42.8    0.9   66.2    0.9   28.0  -99.9    0.0    0.0    0.0    0.0   67.3  996.8 1002.7   21.4
202608131200   676   25.3    1.6    5.6    3.8  353.1    1.8   28.4  -99.9    0.0    0.0    0.0    0.0   59.3  989.5 1005.6   19.7
202608131200   677  337.4    3.8  315.8    4.8  323.2    3.0   24.9  -99.9    0.0    0.0    5.5    5.5   87.3  991.4 1005.0   22.6
202608131200   678   36.1    0.9   38.2    1.5   45.7    0.9   22.3  -99.9    0.0    0.0   23.0   23.0   96.3  953.9 1004.8   21.7
202608131200   679   40.5    5.1   26.4    6.7   19.5    4.1   20.1  -99.9    0.0    0.0   24.5   24.5   99.9  929.0 1005.2   20.1
202608131200   680  298.2    0.3  267.7    0.5  315.7    0.5   26.2  -99.9    0.0    0.0    0.0    0.0   66.8  979.4 1005.2   19.5
202608131200   681   53.8    1.5   63.3    2.1   24.3    1.3   27.1  -99.9    0.0    0.0    0.0    0.0   66.4  982.9 1005.3   20.3
202608131200   682  313.0    2.1  302.8    2.9  313.3    2.0   18.6  -99.9    0.0    0.0    0.0    0.0   96.6  890.0 1005.7   18.0
202608131200   687  277.1    2.9  280.8    3.8  255.9    2.7   31.1  -99.9    0.0    0.0    0.0    0.0   55.6  995.8 1002.7   21.2
202608131200   688  258.0    2.3  297.0    3.4  255.4    2.5   29.9  -99.9    0.0    0.0    0.0    0.0   56.1 1000.4 1003.9   20.2
202608131200   689  238.3    0.2  254.0    0.4  314.7    0.6   29.1  -99.9    0.0    0.0    0.0    0.0   54.2  995.5 1003.7   18.9
202608131200   690  283.3    2.6  294.6    2.9  242.6    2.0   29.7  -99.9    0.0    0.0    0.0    0.0   47.4  991.1 1002.0   17.3
202608131200   691   58.0    4.3   70.0    4.9   61.0    3.8   28.8  -99.9    0.0    0.0    0.0    0.0   63.1 1001.8 1004.5   21.1
202608131200   692   63.8    1.2   59.3    2.8   60.4    1.3   29.4  -99.9    0.0    0.0    0.0    0.0   61.1 1000.2 1003.9   21.1
202608131200   694   62.2    2.2   57.8    2.8   59.2    2.2   23.6  -99.9    0.0    0.0    0.0    0.0   77.4  929.6 1003.7   19.4
202608131200   695    5.1    1.6  152.2    2.6  342.0    1.7   22.0  -99.9    0.0    0.0    0.0    0.0   85.5  891.1 1004.0   19.5
202608131200   696   34.2    3.3   36.3    5.5   23.9    2.1   25.3  -99.9    0.0    1.0   12.0   12.0   83.4  995.2 1004.6   22.3
202608131200   697  218.0    0.8  224.0    1.4  223.8    0.6   27.3  -99.9    0.0    0.0    0.0    0.0   69.3 1003.9 1004.6   21.2
202608131200   698  239.0    3.4  254.0    4.5  219.7    3.7   31.5  -99.9    0.0    0.0    0.0    0.0   55.8 1001.4 1004.2   21.6
202608131200   699  -99.9  -99.9  -99.9  -99.9  -99.9  -99.9  -99.9  -99.9  -99.9  -99.9  -99.9  -99.9  -99.9  -99.9  -99.9  -99.9
202608131200   700   30.0    2.6   26.9    3.4   32.9    2.7   25.7  -99.9    0.0    0.0    0.0    0.0   81.1  998.2 1004.8   22.2
202608131200   701   42.4    1.1   37.8    1.5  316.0    2.1   27.7  -99.9    0.0    0.0    0.0    0.0   58.0  978.4 1001.9   18.7
202608131200   702  295.4    2.8  300.6    2.9  308.4    2.5   28.2  -99.9    0.0    0.0    0.0    0.0   68.4 1001.5 1002.7   21.8
202608131200   703  170.9    0.5  143.4    0.9  138.8    1.5   29.6  -99.9    0.0    0.0    0.0    0.0   56.3  963.6 1002.3   20.0
202608131200   704  289.4    2.3  317.5    2.8  291.9    3.0   27.1  -99.9    0.0    0.0    0.0    0.0   66.5 1002.4 1002.6   20.3
202608131200   706  267.8    1.2  253.3    1.4  250.5    1.6   30.1  -99.9    0.0    0.0    0.0    0.0   63.7  997.1 1002.1   22.5
202608131200   707  213.0    2.2  231.0    2.9  183.6    3.2   29.0  -99.9    0.0    0.0    0.0    0.0   62.3 1000.6 1004.4   21.1
202608131200   708  196.8    1.0  228.0    1.5  241.8    1.4   29.1  -99.9    0.0    0.0    0.0    0.0   57.2  999.0 1002.3   19.8
202608131200   709  325.4    1.0  329.2    1.3  340.8    0.8   31.0  -99.9    0.0    0.0    0.0    0.0   48.2 1000.6 1003.6   18.8
202608131200   710  246.3    1.2  242.0    1.7  185.0    1.3   29.4  -99.9    0.0    0.0    0.0    0.0   53.9 1003.9 1004.8   19.1
202608131200   711  321.5    1.3  279.2    1.8  335.2    1.2   29.8  -99.9    0.0    0.0    0.0    0.0   50.9  -99.7  -99.9   18.6
202608131200   712  202.5    3.1  212.3    4.1  179.7    3.0   29.4  -99.9    0.0    0.0    0.0    0.0   67.2 1003.2 1003.7   22.7
202608131200   713  269.1    2.1  272.2    2.8  272.9    2.0   31.1  -99.9    0.0    0.0    0.0    0.0   49.5 1000.8 1002.5   19.3
202608131200   714  192.6    2.1  192.7    2.4  181.8    1.7   31.5  -99.9    0.0    0.0    0.0    0.0  -99.7 1003.9 1004.1  -99.9
202608131200   716  320.0    2.0  317.0    2.3  328.0    2.0   29.7  -99.9    0.0    0.0    0.0    0.0   60.4 1003.8 1004.1   21.2
202608131200   717  104.7    0.9  117.8    1.5  124.9    0.9   31.3  -99.9    0.0    0.0    0.0    0.0   48.2 1001.5 1002.8   19.1
202608131200   718   46.0    2.2   86.0    2.8   38.4    2.5   28.6  -99.9    0.0    0.0    0.0    0.0   61.8 1003.6 1004.3   20.6
202608131200   719  287.5    1.8  289.1    3.0  335.5    1.7   30.3  -99.9    0.0    0.0    0.0    0.0   55.7 1002.0 1003.3   20.5
202608131200   720  308.8    1.7  147.4    3.1  336.9    1.8   29.4  -99.9    0.0    0.0    0.0    0.0   56.4 1002.2 1003.9   19.8
202608131200   721  120.1    3.5  118.6    4.0  121.8    3.6   29.4  -99.9    0.0    0.0    0.0    0.0   53.8 1003.6 1004.1   19.1
202608131200   722  288.5    1.9  276.0    3.2  283.8    1.5   29.9  -99.9    0.0    0.0    0.0    0.0   57.4  991.6 1003.9   20.6
202608131200   723   54.1    3.7   60.9    5.4   50.9    2.5   28.9  -99.9    0.0    0.0    0.0    0.0   62.5 1002.3 1003.1   21.0
202608131200   724   40.1    3.1   47.3    3.7   39.4    3.1   26.0  -99.9    0.0    0.0    0.0    0.0   83.5 1001.7 1002.6   23.0
202608131200   725   60.7    5.2   59.7    6.3   59.3    4.9   28.7  -99.9    0.0    0.0    0.0    0.0   76.0 1002.0 1003.0   24.1
202608131200   726  107.4    7.1  103.6    8.0  106.2    7.2   29.0  -99.9    0.0    0.0    0.0    0.0   77.5 1000.9 1002.2   24.7
202608131200   727   32.3    2.6   38.0    3.2   52.3    1.6   26.7  -99.9    0.0    0.0    0.0    0.0   78.3  956.4 1003.2   22.6
202608131200   730  219.0    2.5  243.0    3.5  206.0    2.5   31.1  -99.9    0.0    0.0    0.0    0.0   52.4  999.2 1004.1   20.2
202608131200   731  262.0    0.9  272.0    2.0  261.6    1.4   29.0  -99.9    0.0    0.0    0.0    0.0   57.2 1003.6 1004.1   19.7
202608131200   732  204.0    0.3  227.9    0.6  181.8    0.7   28.4  -99.9    0.0    0.0    0.0    0.0   53.2  986.7 1002.9   18.0
202608131200   733  351.7    1.3  321.5    1.8   28.0    0.8   28.8  -99.9    0.0    0.0    0.0    0.0   59.8  -99.7  -99.9   20.2
202608131200   734  325.8    0.6  216.6    0.9  287.1    1.0   28.4  -99.9    0.0    0.0    0.0    0.0   62.0  996.9 1004.1   20.4
202608131200   735   25.7    0.7   28.9    1.2  352.2    0.7   25.7  -99.9    0.0    0.0    0.0    0.0   62.3  931.3 1003.1   18.0
202608131200   736   80.9    2.6  110.9    2.9   46.6    2.7   29.3  -99.9    0.0    0.0    0.0    0.0   65.2 1003.6 1003.8   22.1
202608131200   737   88.8    0.9   96.8    1.8   63.5    1.5   29.6  -99.9    0.0    0.0    0.0    0.0   55.1  997.5 1003.6   19.6
202608131200   738   92.8    2.1  105.3    3.0   17.4    2.0   31.8  -99.9    0.0    0.0    0.0    0.0   33.0 1001.7 1003.5   13.6
202608131200   739  325.1    4.2  330.5    4.8  316.0    3.7   30.9  -99.9    0.0    0.0    0.0    0.0   55.7 1002.7 1004.1   21.0
202608131200   741  219.1    1.7  267.3    2.2  236.6    1.6   29.0  -99.9    0.0    0.0    0.0    0.0   57.4  994.1 1004.7   19.7
202608131200   742  246.0    2.3  256.5    3.0  248.2    2.6   30.7  -99.9    0.0    0.0    0.0    0.0   56.0 1001.2 1002.5   20.9
202608131200   743  285.8    1.7  322.8    2.7  282.2    1.7   30.5  -99.9    0.0    0.0    0.0    0.0   64.2 1002.7 1003.5   23.0
202608131200   744  358.0    1.4   26.0    2.8   56.5    1.5   32.1  -99.9    0.0    0.0    0.0    0.0   49.5 1003.5 1004.1   20.2
202608131200   745  231.0    0.7  221.4    1.0  159.8    0.6  -99.2  -99.9    0.0    0.0    0.0    0.0   66.6  998.1  -99.9  -99.9
202608131200   746  200.3    1.4  201.8    2.0  201.9    2.0   28.7  -99.9    0.0    0.0    0.0    0.0   68.2 1003.0 1003.9   22.3
202608131200   747   63.1    1.6   39.8    2.9   72.6    1.5   31.2  -99.9    0.0    0.0    0.0    0.0   58.0  999.7 1002.8   22.0
202608131200   748  154.3    1.6  174.5    2.7  159.0    1.2   31.8  -99.9    0.0    0.0    0.0    0.0   50.6 1003.7 1003.9   20.3
202608131200   749  337.1    3.2  343.7    4.2  327.5    2.6   28.6  -99.9    0.0    0.0    0.0    0.0   55.1  999.2 1002.0   18.7
202608131200   750  265.5    1.6  295.1    2.0  271.2    1.7   30.8  -99.9    0.0    0.0    0.0    0.0   51.8 1001.4 1004.0   19.8
202608131200   751  104.9    1.5  111.0    1.9   80.9    1.0   26.8  -99.9    0.0    0.0    0.0    0.0   68.8  -99.7  -99.9   20.6
202608131200   752  153.2    1.4  172.3    2.0  147.6    1.2   26.7  -99.9    0.0    0.0    0.0    0.0   70.1  -99.7  -99.9   20.8
202608131200   753   22.5    0.7    6.5    1.9   38.6    1.0   21.1  -99.9    0.0    0.0    0.0    0.0   87.8  -99.7  -99.9   19.0
202608131200   754  255.0    1.0  255.4    1.5  224.2    1.7   29.6  -99.9    0.0    0.0    0.0    0.0   59.0 1002.7 1003.9   20.8
202608131200   755  316.0    2.6  332.0    3.7  324.0    2.2   28.8  -99.9    0.0    0.0    0.0    0.0   54.9  982.9 1003.7   18.8
202608131200   756   38.3    1.6   20.6    2.4   40.9    2.2   28.6  -99.9    0.0    0.0    0.0    0.0   68.4 1002.7 1003.4   22.2
202608131200   757   46.7    1.0   45.0    1.4   46.0    1.9   28.2  -99.9    0.0    0.0    0.0    0.0   53.8  973.6 1003.4   18.0
202608131200   758   68.8    1.6   76.0    2.9   68.8    1.6   27.1  -99.9    0.0    0.0    0.0    0.0   59.9  966.7 1002.1   18.7
202608131200   759  245.8    1.3  239.6    2.1  251.7    2.1   26.8  -99.9    0.0    0.0    0.0    0.0   54.0  948.4 1000.7   16.7
202608131200   760  249.8    2.1  257.6    2.8  245.2    2.1   27.6  -99.9    0.0    0.0    0.0    0.0   59.7  971.6 1003.3   19.1
202608131200   761  106.0    0.9  238.5    1.9  349.8    1.6   29.7  -99.9    0.0    0.0    0.0    0.0   56.0 1001.9 1003.6   20.0
202608131200   762  183.9    1.1  191.5    1.4  212.3    1.1   29.2  -99.9    0.0    0.0    0.0    0.0   52.8  985.8 1002.0   18.6
202608131200   763  338.3    1.8  340.6    3.0  323.2    1.7   28.9  -99.9    0.0    0.0    0.0    0.0   57.2  999.9 1004.2   19.6
202608131200   764   84.8    3.4   34.1    3.8   47.4    2.1   27.8  -99.9    0.0    0.0    0.0    0.0   56.2  979.7 1003.2   18.3
202608131200   765   11.6    0.5  275.7    2.1  323.6    1.6   30.7  -99.9    0.0    0.0    0.0    0.0   51.9  992.4 1004.6   19.7
202608131200   766  164.0    1.6  183.8    2.1  100.3    1.7   31.0  -99.9    0.0    0.0    0.0    0.0   41.4  994.6 1003.3   16.4
202608131200   767  118.8    3.0  118.1    3.5  120.3    3.2   29.9  -99.9    0.0    0.0    0.0    0.0   58.8 1004.2 1004.6   21.0
202608131200   768  151.7    0.0  135.6    0.0  112.7    0.0   31.5  -99.9    0.0    0.0    0.0    0.0   42.2  992.5 1003.6   17.1
202608131200   769  293.1    2.2  290.5    3.0  288.8    1.6   29.4  -99.9    0.0    0.0    0.0    0.0   59.7 1003.8 1004.4   20.8
202608131200   770   82.9    0.7   31.0    2.5  357.4    2.0   29.3  -99.9    0.0    0.0    0.0    0.0   61.8  992.0 1003.0   21.2
202608131200   771  231.8    2.4  215.8    3.2  187.3    2.0   30.3  -99.9    0.0    0.0    0.0    0.0   52.3 1004.0 1004.4   19.5
202608131200   772  327.2    2.4  326.5    2.8  322.8    2.5   28.5  -99.9    0.0    0.0    0.0    0.0   64.6 1004.4 1004.6   21.2
202608131200   773  256.3    2.2  254.7    2.9  263.4    1.7  -99.2  -99.9    0.0    0.0    0.0    0.0   50.7  -99.2  -99.9  -99.9
202608131200   774  168.3    1.4  178.3    2.0  110.6    1.0   30.4  -99.9    0.0    0.0    0.0    0.0   48.2 1002.5 1003.7   18.2
202608131200   775  224.9    3.1  226.8    3.7  282.7    2.9   29.0  -99.9    0.0    0.0    0.0    0.0   56.2  999.1 1003.5   19.4
202608131200   776  200.6    2.6  209.5    3.0  225.8    2.6   28.1  -99.9    0.0    0.0    0.0    0.0   62.4 1000.7 1002.6   20.2
202608131200   777   96.0    1.4   93.2    1.8  125.0    1.3   30.0  -99.9    0.0    0.0    0.0    0.0   46.1  999.6 1003.7   17.2
202608131200   778   99.4    1.3   87.1    1.9  149.5    1.6  -99.2  -99.9    0.0    0.0    0.0    0.0   53.6  992.9  -99.9  -99.9
202608131200   779   36.3    3.7   33.1    5.4   45.3    2.9   29.4  -99.9    0.0    0.0    0.0    0.0   70.4  997.9 1002.2   23.5
202608131200   780  108.5    3.2   98.7    6.3   94.9    3.1   29.9  -99.9    0.0    0.0    0.0    0.0   72.8  999.7 1002.6   24.5
202608131200   781   53.6    4.7   53.0    6.5   55.6    4.3   29.9  -99.9    0.0    0.0    0.0    0.0   65.2  -99.7  -99.9   22.7
202608131200   782   64.0    1.5   64.1    2.5   83.3    1.7   22.4  -99.9    0.0    0.0    0.0    0.0   80.9  -99.7  -99.9   19.0
202608131200   783  279.1    0.9  263.7    2.1  304.4    1.3   30.6  -99.9    0.0    0.0    0.0    0.0   51.5  999.3 1002.7   19.5
202608131200   784   30.7    1.7   27.3    2.0   29.5    1.3   30.4  -99.9    0.0    0.0    0.0    0.0   60.0 1001.7 1004.2   21.8
202608131200   785   28.8    1.1   43.5    1.7  155.1    1.2   31.2  -99.9    0.0    0.0    0.0    0.0   49.4 1001.9 1003.4   19.4
202608131200   786   52.9    2.5   46.9    3.4   87.4    2.5   30.3  -99.9    0.0    0.0    0.0    0.0   54.1 1001.5 1003.8   20.0
202608131200   787  137.7    2.3  150.2    2.8  147.6    2.3   29.1  -99.9    0.0    0.0    0.0    0.0   62.4 1002.5 1003.9   21.2
202608131200   788  314.8    1.9  330.6    2.8  298.9    1.9   28.9  -99.9    0.0    0.0    0.0    0.0   55.9  993.6 1000.8   19.2
202608131200   789  213.8    2.9  194.0    3.5  215.7    1.7   30.4  -99.9    0.0    0.0    0.0    0.0   51.6 1003.5 1004.5   19.3
202608131200   790  122.6    2.0  152.8    2.6  127.0    1.7   29.2  -99.9    0.0    0.0    0.0    0.0   63.4  987.1 1002.1   21.5
202608131200   791  235.4    1.2  225.6    2.1  219.5    1.3   28.0  -99.9    0.0    0.0    0.0    0.0   58.0  956.2 1001.1   19.0
202608131200   792   95.3    4.0   79.8    5.2   90.5    3.1   28.5  -99.9    0.0    0.0    0.0    0.0   69.5  993.1 1003.0   22.4
202608131200   793  181.8    1.9  188.9    2.5  199.2    2.7   26.9  -99.9    1.0    1.0    1.0    1.0   86.5 1001.8 1002.1   24.5
202608131200   794  220.4    1.5  234.1    2.5  236.3    2.0   31.8  -99.9    0.0    0.0    0.0    0.0   39.8  993.6 1002.0   16.5
202608131200   795  328.1    3.4  268.7    4.3  299.8    2.3   29.8  -99.9    0.0    0.0    0.0    0.0   49.0  992.8 1002.4   18.0
202608131200   796   46.2    1.0    9.6    2.2   51.2    1.7   29.5  -99.9    0.0    0.0    0.0    0.0   59.9  999.8 1004.0   20.9
202608131200   797  115.7    1.1  103.6    2.1  110.4    1.1   33.8  -99.9    0.0    0.0    0.0    0.0   56.8 1000.3 1004.2   24.0
202608131200   798  315.4    5.2  309.7    5.7  314.2    4.9   27.7  -99.9    0.0    0.0    0.0    0.0   79.3  999.6 1002.2   23.8
202608131200   799  289.0    1.8  301.6    3.2  288.3    1.8   28.5  -99.9    0.0    0.0    0.0    0.0   71.0 1000.9 1003.1   22.7
202608131200   800  327.9    3.8  343.8    4.9  342.7    4.0   27.0  -99.9    0.0    0.0    0.0    0.0   74.5 1002.7 1003.4   22.1
202608131200   801  177.0    0.9  174.4    1.1  121.1    0.6   25.5  -99.9    0.0    0.0    0.5    0.5   84.4  979.0 1003.0   22.7
202608131200   802   87.9    2.1   91.5    2.5  162.2    1.1   26.0  -99.9    0.0    0.0    4.0    4.0   79.0  987.7 1003.7   22.1
202608131200   803  -99.9  -99.9  -99.9  -99.9  -99.9  -99.9  -99.9  -99.9  -99.9  -99.9  -99.9  -99.9  -99.9  -99.9  -99.9  -99.9
202608131200   804   65.5    5.9   78.8    7.7   52.5    5.6   28.7  -99.9    0.0    0.0    0.0    0.0   68.1  997.9 1002.1   22.2
202608131200   805   10.9    1.6   15.3    2.6  358.6    2.8   27.4  -99.9    0.0    0.0    0.0    0.0   62.6  977.7 1002.9   19.6
202608131200   806  121.6    1.3  127.4    1.9  133.8    0.9   28.3  -99.9    0.0    0.0    0.0    0.0   60.7  999.2 1003.8   20.0
202608131200   807  234.2    2.5  228.0    3.4  290.0    2.0   29.7  -99.9    0.0    0.0    0.0    0.0   58.5  990.1 1002.8   20.7
202608131200   808   51.7    4.8   13.9    6.4   46.1    4.6   27.7  -99.9    0.0    0.0    0.5    0.5   81.1 1001.6 1002.9   24.2
202608131200   809   59.8    1.3   82.0    1.9   76.1    1.8   28.7  -99.9    0.0    0.0    0.0    0.0   59.9  979.4 1002.1   20.2
202608131200   810  347.3    1.0  208.3    1.3  318.3    1.3   28.8  -99.9    0.0    0.0    0.0    0.0   57.5  999.4 1003.8   19.6
202608131200   811   88.2    2.9   96.1    3.8   82.3    3.4   29.7  -99.9    0.0    0.0    0.0    0.0   54.7  998.8 1002.4   19.6
202608131200   812  266.4    2.1  274.5    3.5  275.0    1.6   30.6  -99.9    0.0    0.0    0.0    0.0   58.1  997.9 1002.5   21.4
202608131200   813   76.5    1.4  206.7    1.9   38.5    2.1   29.1  -99.9    0.0    0.0    0.0    0.0   55.2  993.7 1002.3   19.2
202608131200   814  265.0    2.2  297.0    3.4  263.1    2.0   25.9  -99.9    0.0    0.0    0.0    0.0   71.6  969.9 1003.6   20.4
202608131200   815  232.0    1.2  261.0    1.8  186.6    0.8   29.8  -99.9    0.0    0.0    0.0    0.0   56.0  992.2 1003.6   20.1
202608131200   816    8.0    5.5   16.0    6.4    0.9    4.0   27.4  -99.9    0.0    0.0    2.0    2.0   71.7  997.2 1002.0   21.8
202608131200   817  253.0    1.5  274.0    2.0  255.2    2.0   23.8  -99.9    0.0    0.0    1.5    1.5   90.1  961.0 1003.5   22.1
202608131200   818  221.5    1.3  233.0    1.8  230.4    1.5   27.8  -99.9    0.0    0.0    0.0    0.0   62.0  978.1 1002.2   19.9
202608131200   819  330.9    0.4  344.1    0.7   19.2    1.1   28.3  -99.9    0.0    0.0    0.0    0.0   60.3  980.3 1002.8   19.9
202608131200   820  316.7    1.0  292.7    1.5  206.4    0.6   29.2  -99.9    0.0    0.0    0.0    0.0   62.0  995.8 1004.3   21.2
202608131200   821  316.6    1.3  318.5    1.7  296.0    1.0   28.4  -99.9    0.0    0.0    0.0    0.0   63.4  992.1 1002.3   20.8
202608131200   822   51.3    1.4   16.8    3.3   69.9    1.0   30.2  -99.9    0.0    0.0    0.0    0.0   54.9  994.8 1003.6   20.1
202608131200   823  259.5    0.5  126.1    1.2  297.3    1.4   29.6  -99.9    0.0    0.0    0.0    0.0   62.6  992.6 1001.7   21.7
202608131200   824  325.4    2.6  331.2    3.1   27.0    1.9   28.6  -99.9    0.0    0.0    0.0    0.0   61.7  989.6 1002.4   20.5
202608131200   825  324.2    0.9  351.7    1.9    3.8    2.2   30.6  -99.9    0.0    0.0    0.0    0.0   53.0 1000.6 1003.9   19.9
202608131200   826  201.8    2.3  219.5    3.4  187.5    1.6   30.4  -99.9    0.0    0.0    0.0    0.0   51.2  988.8 1003.3   19.2
202608131200   827  349.6    1.6    0.0    3.1   57.5    1.6   31.8  -99.9    0.0    0.0    0.0    0.0   47.8  995.7 1002.5   19.4
202608131200   828  354.3    1.1   30.8    1.6  356.3    2.0   30.2  -99.9    0.0    0.0    0.0    0.0   51.9 1000.2 1003.0   19.2
202608131200   829  304.3    2.4  329.5    3.7  305.1    3.0   27.2  -99.9    0.0    0.0    0.0    0.0   64.2  994.6 1002.8   19.9
202608131200   830   75.5    0.5  172.2    0.8   68.5    1.4   29.8  -99.9    0.0    0.0    0.0    0.0   59.7  998.3 1003.3   21.1
202608131200   831   53.8    3.0   73.1    3.9   47.9    2.1   21.9  -99.9    0.0    0.0    3.0    3.0   82.0  -99.7  -99.9   18.7
202608131200   832  280.9    2.3  287.8    3.1  285.3    1.6   29.1  -99.9    0.0    0.0    0.0    0.0   67.1  994.4 1001.9   22.4
202608131200   833  218.4    1.1  233.2    2.5  216.1    1.5   28.4  -99.9    0.0    0.0    0.0    0.0   65.2  983.1 1002.5   21.2
202608131200   834  248.5    1.1  233.3    1.8  249.3    1.4   26.9  -99.9    0.0    0.0    0.0    0.0   65.6  970.6 1002.1   19.9
202608131200   835  166.8    0.7  174.6    1.7  167.6    0.5   28.1  -99.9    0.0    0.0    0.0    0.0   65.9  982.5 1003.1   21.1
202608131200   836   54.9    2.8   51.2    3.2  350.7    1.1   26.7  -99.9    0.0    0.0    0.0    0.0   69.1  966.5 1001.5   20.6
202608131200   837   73.7    0.8   73.1    1.3  104.3    0.7   27.2  -99.9    0.0    0.0    0.0    0.0   67.1  982.7 1003.6   20.6
202608131200   838  281.3    2.8  275.3    3.6  286.6    3.5   27.7  -99.9    0.0    0.0    0.0    0.0   56.5  952.7 1002.1   18.3
202608131200   839    8.3    1.3   96.1    2.4   39.3    1.2   28.3  -99.9    0.0    0.0    0.0    0.0   64.0  988.1 1002.5   20.8
202608131200   840   91.3    2.9   97.6    4.6   81.8    2.8   31.5  -99.9    0.0    0.0    0.0    0.0   45.9  993.4 1001.2   18.5
202608131200   841  347.6    1.5   44.1    2.2   20.8    2.2   29.8  -99.9    0.0    0.0    0.0    0.0   56.8  985.8 1001.2   20.3
202608131200   842   85.3    3.5   65.6    4.1   82.2    3.7   27.7  -99.9    0.0    0.0    0.0    0.0   63.3  983.8 1002.8   20.1
202608131200   843  293.2    0.9  296.3    1.6  294.3    0.9   26.0  -99.9    0.5    0.5    1.5    1.5   76.9  978.9 1003.5   21.6
202608131200   844  237.6    2.1  250.5    3.0  255.2    2.5   26.5  -99.9    0.0    0.0    0.5    0.5   77.1 1000.1 1002.6   22.2
202608131200   845  288.7    1.2  242.4    2.2  263.4    1.3   30.2  -99.9    0.0    0.0    0.0    0.0   54.3  999.4 1002.8   20.0
202608131200   846   34.8    2.4   35.6    2.8  327.0    2.5   29.4  -99.9    0.0    0.0    0.0    0.0   51.8  994.6 1003.1   18.5
202608131200   847  104.7    1.3  109.0    1.9  216.2    1.4   30.5  -99.9    0.0    0.0    0.0    0.0   54.8  995.8 1003.6   20.4
202608131200   848   39.8    3.0   13.1    3.9   47.9    2.6   30.4  -99.9    0.0    0.0    0.0    0.0   47.9  990.8 1002.4   18.1
202608131200   849  108.6    0.9   85.4    1.2  173.9    2.3   30.1  -99.9    0.0    0.0    0.0    0.0   48.1  994.3 1003.8   17.9
202608131200   850   39.0    4.8   42.5    6.6    3.5    4.4   28.6  -99.9    0.0    0.0    0.0    0.0   68.6 1002.8 1003.5   22.3
202608131200   851  237.6    0.9  247.0    1.7  178.0    1.6   27.0  -99.9    0.0    0.0    2.0    2.0   71.9  994.9 1003.9   21.5
202608131200   852   65.4    6.9   65.3   11.5   82.7    6.9   26.0  -99.9    0.0    0.0    3.0    3.0   83.3  998.3 1002.9   23.0
202608131200   853  270.3    2.4  261.6    3.0  264.4    2.4   25.8  -99.9    0.0    0.0    0.0    0.0   59.7  940.7 1002.8   17.4
202608131200   854   45.0    3.0   82.0    3.7   55.9    2.6   30.5  -99.9    0.0    0.0    0.0    0.0   52.0  983.9 1002.3   19.5
202608131200   855  106.8    6.2  101.0    7.9  110.0    5.9   30.3  -99.9    0.0    0.0    0.0    0.0   70.2 1002.8 1003.3   24.3
202608131200   856  319.0    0.7   40.0    1.1  343.5    1.1   26.7  -99.9    0.0    0.0    0.0    0.0   55.8  947.1 1003.4   17.2
202608131200   857  129.8    3.9  133.8    5.1  134.2    3.4   31.4  -99.9    0.0    0.0    0.0    0.0   50.1 1001.8 1002.7   19.8
202608131200   858  266.0    3.4  280.0    4.2  267.4    2.8   31.0  -99.9    0.0    0.0    0.0    0.0   58.8  999.8 1003.9   22.0
202608131200   859   45.6    3.4   60.7    4.5   47.9    3.9   26.2  -99.9    0.0    0.0    0.5    0.5   66.2  950.8 1003.0   19.4
202608131200   860  120.3    0.8  134.4    1.5  124.6    1.2   31.0  -99.9    0.0    0.0    0.0    0.0   46.4  996.1 1002.6   18.2
202608131200   861   66.1    6.7   68.2    8.3   74.0    5.2   28.5  -99.9    0.0    0.0    0.0    0.0   66.4 1001.2 1003.6   21.6
202608131200   862   72.6    3.6   70.0    4.9   68.3    3.0   27.2  -99.9    0.0    0.0    0.0    0.0   73.3  980.3 1002.2   22.0
202608131200   863   51.0    3.7  108.0    6.1   52.5    3.2   28.6  -99.9    0.0    0.0    0.5    0.5   67.3  997.1 1003.0   22.0
202608131200   864  302.6    2.4  289.9    4.3  327.9    2.1   30.7  -99.9    0.0    0.0    0.0    0.0   44.3  997.4 1003.5   17.2
202608131200   865   37.1    3.1   44.0    5.9   56.2    3.0   27.3  -99.9    0.0    0.0    0.0    0.0   69.4  977.7 1003.7   21.2
202608131200   867   51.7    0.7   54.3    2.0   46.0    0.8   16.4  -99.9    0.0    0.0    0.0    0.0  100.0  844.8 1004.9   16.4
202608131200   868   78.5    1.4   82.4    1.8   66.2    1.4   17.8  -99.9    0.0    0.0    0.0    0.0   93.7  855.2 1004.2   16.8
202608131200   869  252.0    0.6  244.6    0.9  300.6    0.4   19.5  -99.9    0.0    0.0    0.0    0.0   93.1  870.1 1005.0   18.4
202608131200   870   93.8    1.6  111.1    2.2   65.9    1.4   16.0  -99.9    0.0    0.0    0.5    0.5   99.9  845.2 1004.0   16.0
202608131200   871   23.8    1.8   18.9    2.1   20.2    1.5   16.3  -99.9    0.0    0.0    0.0    0.0   93.7  827.9 1004.4   15.3
202608131200   872  168.2    1.6  166.7    2.1  171.5    1.1   23.5  -99.9    0.0    0.0    0.0    0.0   67.5  909.0 1002.9   17.1
202608131200   874  112.7    1.6  102.2    2.2   58.4    2.4   27.8  -99.9    0.0    0.0    0.0    0.0   61.0  987.0 1005.2   19.6
202608131200   875  -99.9  -99.9  -99.9  -99.9  -99.9  -99.9  -99.9  -99.9  -99.9  -99.9  -99.9  -99.9  -99.9  -99.9  -99.9  -99.9
202608131200   876  297.0    1.9  352.0    4.0  301.5    2.5   26.2  -99.9    0.0    0.0    6.0    6.0   78.4  997.8 1004.2   22.1
202608131200   877   71.4    1.5   65.7    2.1   70.6    1.1   27.4  -99.9    0.0    0.0    0.0    0.0   68.9  997.9 1004.6   21.2
202608131200   878   59.7    2.3  296.0    4.5   69.0    2.4   19.3  -99.9    0.0    1.5   16.5   16.5   99.4  913.9 1003.9   19.2
202608131200   881  340.0    3.6  350.0    4.1  341.7    3.5   29.1  -99.9    0.0    0.0    0.0    0.0   58.9 1003.0 1004.2   20.3
202608131200   882  289.3    2.6  296.9    4.0  282.5    2.4   29.2  -99.9    0.0    0.0    0.0    0.0   53.2  989.1 1002.5   18.7
202608131200   883  240.4    1.2  280.3    1.8  221.7    0.7   25.9  -99.9    0.0    0.0    0.0    0.0   81.0  954.8 1002.7   22.4
202608131200   885   83.0    2.0   96.0    5.6   72.9    2.6   26.9  -99.9    0.0    0.0    0.0    0.0   68.2  976.4 1003.6   20.5
202608131200   886   35.0    3.3   46.0    4.4    8.5    2.3   29.5  -99.9    0.0    0.0    0.0    0.0   56.4 1003.7 1004.3   19.9
202608131200   888  303.5    1.6  320.3    2.8  308.2    2.0   27.9  -99.9    0.0    0.0    0.0    0.0   68.7  992.3 1003.1   21.6
202608131200   889   50.2    2.5   37.9    4.6   49.6    2.7   31.0  -99.9    0.0    0.0    0.0    0.0   57.6 1002.2 1004.0   21.7
202608131200   890   55.9    3.4   51.9    4.2   53.6    2.9   27.5  -99.9    0.0    0.0    0.0    0.0   81.8  972.0 1002.5   24.1
202608131200   892   92.3    3.7   78.8    4.5   93.2    3.2   28.4  -99.9    0.0    0.0    0.0    0.0   73.7  991.9 1003.3   23.3
202608131200   893   65.9    3.7   65.9    5.1   62.9    4.6   27.8  -99.9    0.0    0.0    1.0    1.0   73.3 1002.8 1003.4   22.6
202608131200   898   61.9    1.9   62.0    2.9   43.5    1.9   31.8  -99.9    0.0    0.0    0.0    0.0   56.5 1003.4 1003.6   22.1
202608131200   899  228.1    0.8  213.4    1.0  156.6    0.8   30.7  -99.9    0.0    0.0    0.0    0.0   47.4  998.8 1002.5   18.2
202608131200   900   29.9    2.5   31.6    3.8   48.8    3.2   28.4  -99.9    0.0    0.0    0.0    0.0   60.2  988.8 1001.9   20.0
202608131200   901   60.6    4.0   45.1    6.1   60.5    3.4   28.1  -99.9    0.0    0.0    0.0    0.0   70.5  994.6 1002.2   22.2
202608131200   902  112.8    1.3  103.8    1.8   75.4    1.4   29.5  -99.9    0.0    0.0    0.0    0.0   50.2  986.1 1001.3   18.1
202608131200   903  245.6    1.3  254.9    2.2  259.5    1.6   32.4  -99.9    0.0    0.0    0.0    0.0   47.2  999.8 1001.4   19.7
202608131200   904  208.9    3.8  213.1    5.1  200.6    3.6   29.9  -99.9    0.0    0.0    0.0    0.0   58.5 1002.5 1002.6   20.9
202608131200   905   95.7    4.1  102.5    6.1   97.3    3.1   31.4  -99.9    0.0    0.0    0.0    0.0   49.8  993.5 1002.7   19.7
202608131200   906   36.2    1.2   38.6    2.0   62.9    1.4   31.7  -99.9    0.0    0.0    0.0    0.0   44.1  993.1 1003.0   18.0
202608131200   907  233.8    1.8  235.2    2.4  193.1    1.9   30.2  -99.9    0.0    0.0    0.0    0.0   45.8  999.0 1002.3   17.2
202608131200   908  216.2    3.9  209.8    5.0  197.4    3.5   30.5  -99.9    0.0    0.0    0.0    0.0   49.6 1001.7 1003.0   18.8
202608131200   909   73.0    0.7   47.7    1.3   61.5    0.9   28.5  -99.9    0.0    0.0    0.0    0.0   64.5  992.0 1004.3   21.2
202608131200   910  105.2    3.5  114.4    5.1  109.0    3.0   31.1  -99.9    0.0    0.0    0.0    0.0   67.7  985.8 1001.1   24.4
202608131200   911  103.1    4.5   98.7    4.9   97.8    5.0   28.8  -99.9    0.0    0.0    0.0    0.0   71.7  995.5 1003.2   23.2
202608131200   912  316.6    1.2  320.0    1.6  281.8    2.2   30.2  -99.9    0.0    0.0    0.0    0.0   55.3  987.8 1003.3   20.3
202608131200   913  174.4    2.5  156.3    3.6  143.6    2.8   29.6  -99.9    0.0    0.0    0.0    0.0   53.3  999.7 1001.9   19.1
202608131200   914  326.9    0.3  332.1    0.5  166.0    0.8   26.6  -99.9    0.0    0.0    0.0    0.0   59.7  964.2 1003.3   18.1
202608131200   915   98.4    1.7  100.0    2.7  102.8    1.5   32.9  -99.9    0.0    0.0    0.0    0.0   53.4  991.5 1000.9   22.2
202608131200   916  235.0    2.4  247.6    4.3  266.2    2.3   31.7  -99.9    0.0    0.0    0.0    0.0   47.0  995.5 1001.6   19.0
202608131200   917  246.4    2.1  246.1    2.9  242.8    2.3   31.2  -99.9    0.0    0.0    0.0    0.0   42.0 1000.4 1003.3   16.8
202608131200   918  154.0    2.6  139.1    3.1  124.1    2.2   30.7  -99.9    0.0    0.0    0.0    0.0   56.4 1002.3 1003.1   21.0
202608131200   919   27.0    3.2   45.0    4.7   19.1    2.2   30.8  -99.9    0.0    0.0    0.0    0.0   52.9 1000.6 1003.9   20.1
202608131200   920  341.7    1.1  331.1    1.5  357.2    1.5   29.9  -99.9    0.0    0.0    0.0    0.0   58.5 1001.9 1002.8   20.9
202608131200   921  142.0    3.6  146.2    4.0  140.4    3.1   29.9  -99.9    0.0    0.0    0.0    0.0   63.8  993.9 1002.3   22.3
202608131200   922  151.1    2.0  197.0    2.8  150.7    1.8   29.5  -99.9    0.0    0.0    0.0    0.0   51.5  986.9 1002.2   18.5
202608131200   923   68.9    2.7   82.9    4.0  120.3    1.8   27.2  -99.9    0.0    0.0    0.0    0.0   80.4  996.0 1003.4   23.5
202608131200   924   45.0    6.4   53.0    7.5   45.1    6.5   26.7  -99.9    0.0    0.0    0.0    0.0   82.0 1000.7 1003.2   23.4
202608131200   925  279.7    1.4  307.5    2.2  289.8    1.2   31.5  -99.9    0.0    0.0    0.0    0.0   53.6  999.4 1000.4   21.0
202608131200   926  197.3    3.3  192.1    4.1  191.5    3.3   30.5  -99.9    0.0    0.0    0.0    0.0   59.3 1001.6 1003.1   21.7
202608131200   927   14.9    3.3   13.6    3.9  343.3    2.1   31.3  -99.9    0.0    0.0    0.0    0.0   52.8  988.2 1002.2   20.5
202608131200   929  311.1    0.3  307.4    0.5  328.1    1.0   29.1  -99.9    0.0    0.0    0.0    0.0   54.3  988.4 1002.8   18.9
202608131200   930  251.7    1.6  250.0    2.8  257.9    2.8   30.7  -99.9    0.0    0.0    0.0    0.0   59.2 1002.0 1002.4   21.8
202608131200   931  201.6    2.0  190.8    2.7  294.9    1.8   29.1  -99.9    0.0    0.0    0.0    0.0   63.2  994.7 1002.9   21.4
202608131200   932  148.4    0.8  261.7    1.3  145.4    1.1   31.8  -99.9    0.0    0.0    0.0    0.0   39.0 1003.0 1003.5   16.2
202608131200   933  107.1    1.3  107.4    1.6   93.9    1.5   31.1  -99.9    0.0    0.0    0.0    0.0   46.7  999.8 1003.4   18.4
202608131200   934  189.8    2.9  185.8    3.8  183.7    1.5   30.6  -99.9    0.0    0.0    0.0    0.0   54.7  992.9 1002.1   20.5
202608131200   935  219.0    1.9  191.7    2.4  147.6    1.4   31.4  -99.9    0.0    0.0    0.0    0.0   46.3 1000.6 1003.2   18.5
202608131200   936   85.7    2.1   94.6    2.7   81.4    1.6   30.2  -99.9    0.0    0.0    0.0    0.0   67.0  996.0 1002.8   23.4
202608131200   937   55.4    4.3   57.6    6.0   86.1    3.5   27.9  -99.9    0.0    0.0    0.0    0.0   74.7  992.4 1001.6   23.0
202608131200   938  185.2    1.2  111.1    2.8  146.9    2.9   29.2  -99.9    0.0    0.0    0.0    0.0   59.5  990.7 1003.4   20.5
202608131200   939  174.8    2.4  177.5    3.7  133.0    2.3   31.7  -99.9    0.0    0.0    0.0    0.0   60.2  997.0 1002.5   23.0
202608131200   940   93.2    1.3   54.1    2.3  172.9    1.9   29.7  -99.9    0.0    0.0    0.0    0.0   53.7  994.2 1002.0   19.3
202608131200   941   81.2    1.2  152.3    2.4   65.0    1.9   33.3  -99.9    0.0    0.0    0.0    0.0   44.6 1002.3 1003.1   19.6
202608131200   942   87.6    4.0   77.4    7.3   84.2    3.8   30.5  -99.9    0.0    0.0    0.0    0.0   62.3  989.7 1003.5   22.5
202608131200   943   71.4    2.9  176.0    4.5   62.4    2.1   27.3  -99.9    0.0    0.0    0.0    0.0   70.0  950.8 1001.1   21.4
202608131200   944  176.1    2.9  181.5    3.9  249.2    2.3   32.5  -99.9    0.0    0.0    0.0    0.0   45.1 1000.7 1001.8   19.1
202608131200   945  121.4    1.2  113.4    2.1   84.7    1.2   28.4  -99.9    0.0    0.0    0.0    0.0   55.1  978.1 1003.7   18.5
202608131200   946  307.4    2.2  299.5    2.8  222.7    1.1   27.3  -99.9    0.0    0.0    0.0    0.0   60.1  967.5 1003.3   18.9
202608131200   947  341.9    1.1   27.9    2.2   34.6    1.4   31.8  -99.9    0.0    0.0    0.0    0.0   48.2  999.7 1003.1   19.5
202608131200   948  223.7    0.8  123.8    1.3   18.3    0.2   29.4  -99.9    0.0    0.0    0.0    0.0   56.3  987.9 1003.5   19.8
202608131200   949   46.5    4.8   53.4    5.5   46.7    5.0   28.5  -99.9    0.0    0.0    0.0    0.0   67.4 1003.1 1004.0   21.9
202608131200   950  131.6    5.0  130.8    6.6  136.4    4.6   29.7  -99.9    0.0    0.0    0.0    0.0   64.6  986.9 1005.5   22.3
202608131200   951  308.0    1.3  301.8    2.3  329.9    2.0   29.3  -99.9    0.0    0.0    0.0    0.0   51.8  990.5 1002.3   18.4
202608131200   953   94.4    2.3  106.3    3.0  318.8    1.2   31.7  -99.9    0.0    0.0    0.0    0.0   48.1  998.9 1002.3   19.4
202608131200   954   50.0    4.3   87.0    7.1   50.9    4.4   29.7  -99.9    0.0    0.0    0.0    0.0   68.4  996.8 1002.8   23.3
202608131200   955   39.9    1.6   39.8    1.8   36.2    2.4   27.4  -99.9  -99.9  -99.9  -99.9  -99.7   69.6 1003.8 1005.8   21.4
202608131200   956  343.1    3.8  343.5    3.9  343.0    3.8   24.1  -99.9  -99.9  -99.9  -99.9  -99.7   90.1 1003.0 1004.8   22.4
202608131200   957  319.1    1.6  312.3    2.0  315.1    1.9   26.3  -99.9  -99.9  -99.9  -99.9  -99.7   67.2  994.7 1005.4   19.7
202608131200   958  338.8    3.1  341.2    3.2  339.2    3.1   25.3  -99.9  -99.9  -99.9  -99.9  -99.7   81.3 1002.9 1004.6   21.9
202608131200   959  246.7    1.9  245.6    2.0  233.2    2.5   26.0  -99.9  -99.9  -99.9  -99.9  -99.7   68.9 1003.1 1004.5   19.9
202608131200   960   78.2    9.7   82.7   10.7   76.5   10.1   27.3  -99.9  -99.9  -99.9  -99.9  -99.7   77.8 1001.9 1003.9   23.1
202608131200   961   29.7    2.5   34.8    3.1   34.1    2.7   26.1  -99.9  -99.9  -99.9  -99.9  -99.7   70.2 1001.3 1004.4   20.3
202608131200   963   50.3    7.7   49.3    8.3   46.6    7.5   26.8  -99.9  -99.9  -99.9  -99.9  -99.7   75.2 1002.3 1004.1   22.0
202608131200   964  175.8    2.4  183.3    3.6  158.9    2.7   30.5  -99.9    0.0    0.0    0.0    0.0   48.2  998.2 1003.8   18.3
202608131200   965   35.8    2.5   42.5    4.0   46.6    1.8   16.5  -99.9    0.0    0.0    0.0    0.0   95.0  -99.7  -99.9   15.7
202608131200   966   29.8    0.6   15.3    1.2   46.2    0.7   27.9  -99.9    0.0    0.0    0.0    0.0   66.2 1000.0 1004.3   21.0
202608131200   967    0.0    0.0  112.2    0.7   86.1    1.4   28.7  -99.9    0.0    0.0    0.0    0.0   59.6  997.4 1005.2   20.1
202608131200   970  306.3    2.2  300.2    2.8  348.9    1.7   26.7  -99.9    0.0    0.0    0.0    0.0   69.1  985.1 1005.2   20.6
202608131200   972  172.7    0.6  154.7    1.5  233.3    0.6   27.0  -99.9    0.0    0.0    0.0    0.0   62.2  994.5 1004.5   19.2
202608131200   973  353.2    0.0   91.8    0.3   11.3    2.3   29.4  -99.9    0.0    0.0    0.0    0.0   53.1  998.1 1002.5   18.9
202608131200   974   88.9    2.7   89.2    3.5  120.8    2.3   31.0  -99.9    0.0    0.0    0.0    0.0   59.1 1000.8 1002.7   22.1
202608131200   977  355.4    2.2    9.4    2.8   28.6    2.6   28.7  -99.9    0.0    0.0    0.0    0.0   65.1  999.5 1004.0   21.5
202608131200   978  175.1    1.6  163.5    2.1  169.8    1.0   27.1  -99.9    0.0    0.0    0.0    0.0   75.7  989.4 1007.9   22.4
202608131200   980   77.2    2.8   74.5    3.9   66.5    3.2   27.6  -99.9    0.0    0.0    0.0    0.0   65.9  987.0 1002.1   20.7
202608131200   984   77.4    4.1   89.7    6.5   84.0    5.8   27.2  -99.9  -99.9  -99.9  -99.9  -99.7   75.5  999.1 1003.1   22.5
202608131200   989  120.2    3.0  123.1    4.4  120.3    3.6   27.4  -99.9    0.0    0.0    0.0    0.0   77.3  991.4 1001.6   23.1
202608131200   990  224.9    4.4  215.9    5.6  210.6    4.5   28.0  -99.9    0.0    0.0    0.0    0.0   71.3  994.8 1003.5   22.3
202608131200   991  268.1    2.0  267.3    3.1  244.9    1.4   31.3  -99.9    0.0    0.0    0.0    0.0   53.1 1000.4 1003.5   20.6
202608131200   992   34.2    1.9   22.6    2.4   38.6    2.1   30.7  -99.9    0.0    0.0    0.0    0.0   52.4  999.2 1003.1   19.9
202608131200   993  239.6    1.1  236.3    1.9  228.5    1.4   26.0  -99.9    0.0    0.0    0.0    0.0   79.6  972.2 1003.3   22.2
202608131200   994   31.2    1.6   22.5    2.0   57.9    1.5   29.8  -99.9    0.0    0.0    0.0    0.0   51.2 1004.0 1004.3   18.7
202608131200   995   26.6    5.7   22.1    7.0   33.9    5.0   26.4  -99.9    0.0    0.0    0.5    0.5   75.4  992.9 1001.9   21.7
202608131200   996  297.3    2.8  293.7    3.0  294.6    2.2   26.6  -99.9    0.0    0.0    0.0    0.0   65.2  962.8 1002.6   19.5
#7777END
